NCP Model -- Fold 4
Changes: NCP all levels, alpha_sigma=0.5x, tune=2000, accept=0.95
R-hat max: 31633592.8714  gate<1.05 -> FAIL
ESS min:   4   gate>400 -> FAIL
Convergence: FAIL

                       mean       sd   hdi_3%   hdi_97%  ess_bulk   ess_tail         r_hat
alpha              -33.9274   0.5788 -34.4129  -32.9415    4.0323     4.0323  3.163359e+07
sigma_sym           75.2247  21.4955  51.8032  105.0173    4.0323     4.0323  3.163359e+07
sigma_day           48.6561  21.0094  24.4541   72.3115    4.0323  4000.0000  3.163359e+07
sigma_bkt           30.7429  16.2518  14.4658   57.5880    4.0323     4.0323  3.163359e+07
sigma_slot          34.5780  13.8492  11.0527   46.7327    4.0323     4.0323  3.163359e+07
beta_sym_raw[0]      0.1376   0.5808  -0.8456    0.6653    4.0323     4.0323  3.163359e+07
beta_sym_raw[1]      0.1511   0.4684  -0.6008    0.6795    4.0323     4.0323  3.163359e+07
beta_sym_raw[2]     -0.5506   0.2560  -0.8818   -0.2554    4.0323     4.0323  3.163359e+07
beta_sym_raw[3]     -0.0000   0.8254  -0.8334    0.8735    4.0323     4.0323  3.163359e+07
beta_day_raw[0]      0.3061   0.4202  -0.3162    0.7946    4.0323     4.0323  3.163359e+07
beta_day_raw[1]      0.0075   0.3582  -0.3598    0.4928    4.0323     4.0323  3.163359e+07
beta_day_raw[2]     -0.4010   0.3472  -0.8191    0.0025    4.0323     4.0323  3.163359e+07
beta_day_raw[3]     -0.2099   0.5051  -0.5762    0.6603    4.0323     4.0323  3.163359e+07
beta_day_raw[4]     -0.3555   0.3889  -0.7078    0.3012    4.0323     4.0323  3.163359e+07
beta_day_raw[5]     -0.2151   0.3500  -0.7466    0.2229    4.0323     4.0323  3.163359e+07
beta_bkt_raw[0]     -0.0376   0.7414  -0.7851    0.8082    4.0323     4.0323  3.163359e+07
beta_bkt_raw[1]     -0.1308   0.4959  -0.9136    0.3554    4.0323     4.0323  3.163359e+07
beta_bkt_raw[2]      0.2269   0.4744  -0.4434    0.8318    4.0323     4.0323  3.163359e+07
beta_bkt_raw[3]      0.2172   0.5767  -0.6022    0.9940    4.0323     4.0323  3.163359e+07
beta_bkt_raw[4]     -0.0644   0.5534  -0.6822    0.5357    4.0323     4.0323  3.163359e+07
beta_bkt_raw[5]     -0.3089   0.5179  -0.8897    0.5286    4.0323     4.0323  3.163359e+07
beta_bkt_raw[6]      0.0242   0.5444  -0.4639    0.9458    4.0323     4.0323  3.163359e+07
beta_bkt_raw[7]     -0.0113   0.5224  -0.5329    0.6227    4.0323     4.0323  3.163359e+07
beta_bkt_raw[8]     -0.2550   0.5924  -0.8601    0.7160    4.0323     4.0323  3.163359e+07
beta_bkt_raw[9]     -0.0359   0.7397  -0.8798    0.9536    4.0323     4.0323  3.163359e+07
beta_bkt_raw[10]    -0.3051   0.7008  -0.8991    0.8665    4.0323     4.0323  3.163359e+07
beta_bkt_raw[11]    -0.3620   0.4378  -0.7177    0.3698    4.0323     4.0323  3.163359e+07
beta_bkt_raw[12]    -0.2643   0.0792  -0.3670   -0.1509    4.0323     4.0323  3.163359e+07
beta_bkt_raw[13]     0.1212   0.2476  -0.1879    0.4212    4.0323     4.0323  3.163359e+07
beta_bkt_raw[14]    -0.1456   0.5673  -0.7624    0.6460    4.0323     4.0323  3.163359e+07
beta_bkt_raw[15]     0.1892   0.4514  -0.5213    0.6431    4.0323     4.0323  3.163359e+07
beta_bkt_raw[16]     0.1869   0.3768  -0.4282    0.5619    4.0323     4.0323  3.163359e+07
beta_bkt_raw[17]     0.5664   0.2067   0.2709    0.7990    4.0323     4.0323  3.163359e+07
beta_bkt_raw[18]     0.0020   0.4800  -0.5925    0.6852    4.0323     4.0323  3.163359e+07
beta_bkt_raw[19]    -0.0825   0.7280  -0.9427    0.9954    4.0323     4.0323  3.163359e+07
beta_bkt_raw[20]    -0.3265   0.7037  -0.9839    0.8389    4.0323     4.0323  3.163359e+07
beta_bkt_raw[21]    -0.3625   0.3211  -0.6435    0.1792    4.0323     4.0323  3.163359e+07
beta_bkt_raw[22]    -0.1473   0.5199  -0.9596    0.4303    4.0323     4.0323  3.163359e+07
beta_bkt_raw[23]    -0.1130   0.3974  -0.7952    0.1995    4.0323     4.0323  3.163359e+07
beta_bkt_raw[24]    -0.4159   0.3650  -0.8352    0.0815    4.0323  4000.0000  3.163359e+07
beta_bkt_raw[25]    -0.4434   0.7718  -0.9582    0.8909    4.0323     4.0323  3.163359e+07
beta_bkt_raw[26]    -0.1123   0.7364  -0.9476    0.9116    4.0323     4.0323  3.163359e+07
beta_bkt_raw[27]     0.2147   0.5208  -0.6814    0.5946    4.0323     4.0323  3.163359e+07
beta_bkt_raw[28]     0.1243   0.5208  -0.4956    0.8759    4.0323     4.0323  3.163359e+07
beta_bkt_raw[29]     0.1070   0.3288  -0.3740    0.4492    4.0323     4.0323  3.163359e+07
beta_bkt_raw[30]     0.1688   0.5220  -0.3882    0.9935    4.0323     4.0323  3.163359e+07
beta_bkt_raw[31]     0.1786   0.3737  -0.3811    0.5762    4.0323     4.0323  3.163359e+07
beta_bkt_raw[32]     0.2419   0.6635  -0.5865    0.9076    4.0323     4.0323  3.163359e+07
beta_bkt_raw[33]    -0.2443   0.3503  -0.5369    0.3214    4.0323     4.0323  3.163359e+07
beta_bkt_raw[34]    -0.0945   0.5277  -0.6101    0.7741    4.0323     4.0323  3.163359e+07
beta_bkt_raw[35]     0.3127   0.5460  -0.5357    0.8427    4.0323     4.0323  3.163359e+07
beta_bkt_raw[36]     0.3817   0.3329   0.0081    0.9003    4.0323     4.0323  3.163359e+07
beta_bkt_raw[37]    -0.1665   0.4689  -0.7098    0.3560    4.0323     4.0323  3.163359e+07
beta_bkt_raw[38]     0.0930   0.4947  -0.4638    0.7699    4.0323     4.0323  3.163359e+07
beta_bkt_raw[39]    -0.0877   0.2116  -0.2866    0.2481    4.0323     4.0323  3.163359e+07
beta_bkt_raw[40]    -0.2403   0.4867  -0.9727    0.3850    4.0323     4.0323  3.163359e+07
beta_bkt_raw[41]    -0.0835   0.4720  -0.4857    0.7033    4.0323     4.0323  3.163359e+07
beta_bkt_raw[42]    -0.1979   0.6302  -0.8486    0.6917    4.0323     4.0323  3.163359e+07
beta_bkt_raw[43]     0.4071   0.4497  -0.3468    0.8409    4.0323     4.0323  3.163359e+07
beta_bkt_raw[44]    -0.2198   0.5664  -0.9392    0.4787    4.0323     4.0323  3.163359e+07
beta_bkt_raw[45]    -0.0379   0.7419  -0.8860    0.9243    4.0323     4.0323  3.163359e+07
beta_bkt_raw[46]    -0.2280   0.4133  -0.9007    0.1513    4.0323     4.0323  3.163359e+07
beta_bkt_raw[47]     0.3035   0.4052  -0.1224    0.9450    4.0323  4000.0000  3.163359e+07
beta_slot_raw[0]    -0.1418   0.4062  -0.5461    0.5178    4.0323     4.0323  3.163359e+07
beta_slot_raw[1]    -0.0528   0.2195  -0.2422    0.3170    4.0323     4.0323  3.163359e+07
beta_slot_raw[2]     0.2960   0.6501  -0.7443    0.9746    4.0323     4.0323  3.163359e+07
beta_slot_raw[3]     0.0972   0.5760  -0.5823    0.9095    4.0323     4.0323  3.163359e+07
beta_slot_raw[4]    -0.2593   0.3303  -0.7648    0.0391    4.0323     4.0323  3.163359e+07
beta_slot_raw[5]     0.3663   0.6364  -0.6892    0.9404    4.0323     4.0323  3.163359e+07
beta_slot_raw[6]     0.1061   0.5444  -0.4911    0.9202    4.0323     4.0323  3.163359e+07
beta_slot_raw[7]     0.0519   0.5389  -0.7615    0.7290    4.0323     4.0323  3.163359e+07
beta_slot_raw[8]     0.3235   0.7072  -0.8878    0.8506    4.0323     4.0323  3.163359e+07
beta_slot_raw[9]     0.1679   0.2696  -0.1435    0.5916    4.0323     4.0323  3.163359e+07
beta_slot_raw[10]    0.0021   0.5300  -0.8449    0.4796    4.0323     4.0323  3.163359e+07
beta_slot_raw[11]   -0.2816   0.5473  -0.8272    0.6031    4.0323     4.0323  3.163359e+07
beta_slot_raw[12]   -0.2458   0.2696  -0.6056    0.0376    4.0323     4.0323  3.163359e+07
beta_slot_raw[13]    0.2726   0.3189  -0.1106    0.6918    4.0323     4.0323  3.163359e+07
beta_slot_raw[14]    0.1083   0.6040  -0.8387    0.7766    4.0323     4.0323  3.163359e+07
beta_slot_raw[15]   -0.4088   0.2734  -0.7877   -0.0469    4.0323     4.0323  3.163359e+07
beta_slot_raw[16]    0.1691   0.7555  -0.6483    0.9664    4.0323     4.0323  3.163359e+07
beta_slot_raw[17]   -0.0199   0.7562  -0.9539    0.8224    4.0323     4.0323  3.163359e+07
beta_slot_raw[18]    0.0507   0.5616  -0.8966    0.5730    4.0323     4.0323  3.163359e+07
beta_slot_raw[19]   -0.2932   0.4582  -0.9624    0.2867    4.0323  4000.0000  3.163359e+07
beta_slot_raw[20]   -0.0202   0.3631  -0.5014    0.5217    4.0323     4.0323  3.163359e+07
beta_slot_raw[21]    0.2769   0.5109  -0.5361    0.8646    4.0323     4.0323  3.163359e+07
beta_slot_raw[22]    0.0718   0.6046  -0.7991    0.8259    4.0323     4.0323  3.163359e+07
beta_slot_raw[23]   -0.5223   0.5121  -0.9391    0.3519    4.0323     4.0323  3.163359e+07
beta_slot_raw[24]   -0.3547   0.4131  -0.9876    0.1683    4.0323     4.0323  3.163359e+07
beta_slot_raw[25]    0.2724   0.6186  -0.6265    0.9065    4.0323     4.0323  3.163359e+07
beta_slot_raw[26]   -0.4865   0.3007  -0.9575   -0.1200    4.0323     4.0323  3.163359e+07
beta_slot_raw[27]    0.3756   0.7916  -0.9746    0.9385    4.0323     4.0323  3.163359e+07
beta_slot_raw[28]   -0.6316   0.2783  -0.9965   -0.3597    4.0323     4.0323  3.163359e+07
beta_slot_raw[29]    0.0667   0.4524  -0.2211    0.8497    4.0323     4.0323  3.163359e+07
beta_slot_raw[30]   -0.4270   0.4800  -0.7494    0.3990    4.0323     4.0323  3.163359e+07
beta_slot_raw[31]    0.4173   0.5849  -0.5616    0.9885    4.0323     4.0323  3.163359e+07
beta_slot_raw[32]   -0.3278   0.7737  -0.9994    0.9886    4.0323     4.0323  3.163359e+07
beta_slot_raw[33]   -0.2769   0.6426  -0.6925    0.8349    4.0323     4.0323  3.163359e+07
beta_slot_raw[34]    0.1850   0.2769  -0.0492    0.6576    4.0323     4.0323  3.163359e+07
beta_slot_raw[35]   -0.4314   0.2720  -0.7919   -0.1057    4.0323     4.0323  3.163359e+07
beta_slot_raw[36]   -0.1657   0.5553  -0.9681    0.4622    4.0323     4.0323  3.163359e+07
beta_slot_raw[37]    0.0652   0.6713  -0.9077    0.7121    4.0323     4.0323  3.163359e+07
beta_slot_raw[38]   -0.2043   0.6183  -0.8369    0.8200    4.0323     4.0323  3.163359e+07
beta_slot_raw[39]    0.3076   0.5115  -0.4312    0.9668    4.0323     4.0323  3.163359e+07
beta_slot_raw[40]   -0.1702   0.6329  -0.9820    0.7924    4.0323     4.0323  3.163359e+07
beta_slot_raw[41]   -0.3217   0.6926  -0.8952    0.8301    4.0323     4.0323  3.163359e+07
beta_slot_raw[42]    0.3924   0.3468   0.0440    0.7507    4.0323     4.0323  3.163359e+07
beta_slot_raw[43]   -0.2228   0.2820  -0.5326    0.1747    4.0323     4.0323  3.163359e+07
beta_slot_raw[44]   -0.1781   0.5993  -0.9310    0.6475    4.0323     4.0323  3.163359e+07
beta_slot_raw[45]    0.1692   0.6837  -0.7921    0.8267    4.0323     4.0323  3.163359e+07
beta_slot_raw[46]    0.5904   0.4721  -0.2151    0.9857    4.0323     4.0323  3.163359e+07
beta_slot_raw[47]   -0.0601   0.3896  -0.6760    0.3663    4.0323     4.0323  3.163359e+07
beta_slot_raw[48]    0.4890   0.3783  -0.1067    0.9139    4.0323     4.0323  3.163359e+07
beta_slot_raw[49]    0.2704   0.2367   0.0287    0.6253    4.0323     4.0323  3.163359e+07
beta_slot_raw[50]    0.4543   0.5772  -0.5292    0.9490    4.0323     4.0323  3.163359e+07
beta_slot_raw[51]   -0.1065   0.6057  -0.9230    0.7223    4.0323     4.0323  3.163359e+07
beta_slot_raw[52]    0.0973   0.5493  -0.5538    0.9356    4.0323     4.0323  3.163359e+07
beta_slot_raw[53]    0.2791   0.4313  -0.3002    0.8957    4.0323     4.0323  3.163359e+07
beta_slot_raw[54]   -0.2414   0.2418  -0.4992    0.1024    4.0323     4.0323  3.163359e+07
beta_slot_raw[55]   -0.1072   0.4051  -0.6203    0.5026    4.0323     4.0323  3.163359e+07
beta_slot_raw[56]   -0.3092   0.4683  -0.7361    0.4771    4.0323     4.0323  3.163359e+07
beta_slot_raw[57]   -0.5709   0.1552  -0.7764   -0.3421    4.0323     4.0323  3.163359e+07
beta_slot_raw[58]   -0.1448   0.3213  -0.5008    0.3709    4.0323     4.0323  3.163359e+07
beta_slot_raw[59]    0.0565   0.6366  -0.8059    0.8301    4.0323     4.0323  3.163359e+07
beta_slot_raw[60]    0.0564   0.3018  -0.3421    0.4733    4.0323     4.0323  3.163359e+07
beta_slot_raw[61]    0.0234   0.4739  -0.4623    0.5703    4.0323     4.0323  3.163359e+07
beta_slot_raw[62]   -0.1227   0.4808  -0.6101    0.5123    4.0323     4.0323  3.163359e+07
beta_slot_raw[63]    0.0398   0.2682  -0.2129    0.4915    4.0323     4.0323  3.163359e+07
beta_slot_raw[64]   -0.3150   0.4265  -0.8037    0.3115    4.0323     4.0323  3.163359e+07
beta_slot_raw[65]   -0.0959   0.7790  -0.9226    0.9204    4.0323     4.0323  3.163359e+07
beta_slot_raw[66]   -0.0940   0.4872  -0.8353    0.5101    4.0323     4.0323  3.163359e+07
beta_slot_raw[67]   -0.3061   0.7066  -0.8996    0.8854    4.0323     4.0323  3.163359e+07
beta_slot_raw[68]   -0.4559   0.2630  -0.8170   -0.1194    4.0323     4.0323  3.163359e+07
beta_slot_raw[69]    0.5298   0.4877  -0.2947    0.9574    4.0323     4.0323  3.163359e+07
beta_slot_raw[70]   -0.2459   0.5859  -0.8833    0.6811    4.0323     4.0323  3.163359e+07
beta_slot_raw[71]    0.2323   0.4719  -0.4013    0.9109    4.0323     4.0323  3.163359e+07
beta_slot_raw[72]   -0.1071   0.4331  -0.7011    0.5203    4.0323     4.0323  3.163359e+07
beta_slot_raw[73]   -0.1537   0.5839  -0.6613    0.7669    4.0323     4.0323  3.163359e+07
beta_slot_raw[74]   -0.0349   0.4310  -0.5671    0.4950    4.0323     4.0323  3.163359e+07
beta_slot_raw[75]    0.1278   0.5128  -0.4747    0.9434    4.0323     4.0323  3.163359e+07
beta_slot_raw[76]    0.1027   0.6088  -0.7982    0.8196    4.0323     4.0323  3.163359e+07
beta_slot_raw[77]   -0.1811   0.6282  -0.9234    0.6954    4.0323     4.0323  3.163359e+07
beta_slot_raw[78]    0.3535   0.6128  -0.7068    0.7373    4.0323     4.0323  3.163359e+07
beta_slot_raw[79]   -0.4668   0.4722  -0.9981    0.1629    4.0323     4.0323  3.163359e+07
beta_slot_raw[80]    0.1268   0.6053  -0.9073    0.5773    4.0323     4.0323  3.163359e+07
beta_slot_raw[81]    0.5203   0.5061  -0.3531    0.8788    4.0323     4.0323  3.163359e+07
beta_slot_raw[82]   -0.7225   0.2417  -0.9119   -0.3105    4.0323     4.0323  3.163359e+07
beta_slot_raw[83]   -0.3819   0.5978  -0.9575    0.4491    4.0323     4.0323  3.163359e+07
beta_slot_raw[84]    0.1960   0.6807  -0.6190    0.9348    4.0323     4.0323  3.163359e+07
beta_slot_raw[85]   -0.0984   0.4388  -0.5648    0.6137    4.0323  4000.0000  3.163359e+07
beta_slot_raw[86]    0.3118   0.3884  -0.1504    0.9258    4.0323     4.0323  3.163359e+07
beta_slot_raw[87]   -0.2707   0.6684  -0.7873    0.8698    4.0323     4.0323  3.163359e+07
beta_slot_raw[88]    0.2729   0.1750   0.0720    0.5296    4.0323     4.0323  3.163359e+07
beta_slot_raw[89]    0.3402   0.5241  -0.5632    0.7159    4.0323     4.0323  3.163359e+07
beta_slot_raw[90]    0.4878   0.4423  -0.0755    0.9572    4.0323     4.0323  3.163359e+07
beta_slot_raw[91]   -0.3804   0.6356  -0.9401    0.6772    4.0323     4.0323  3.163359e+07
beta_slot_raw[92]    0.3748   0.6407  -0.6977    0.9318    4.0323     4.0323  3.163359e+07
beta_slot_raw[93]    0.1225   0.5334  -0.5326    0.8662    4.0323     4.0323  3.163359e+07
beta_slot_raw[94]    0.1196   0.4734  -0.2552    0.9236    4.0323     4.0323  3.163359e+07
beta_slot_raw[95]    0.3576   0.5877  -0.6503    0.7611    4.0323     4.0323  3.163359e+07
beta_slot_raw[96]    0.2201   0.6368  -0.7523    0.8851    4.0323     4.0323  3.163359e+07
beta_slot_raw[97]   -0.6973   0.2867  -0.9611   -0.2178    4.0323     4.0323  3.163359e+07
beta_slot_raw[98]   -0.5379   0.3822  -0.9797    0.0596    4.0323     4.0323  3.163359e+07
beta_slot_raw[99]   -0.1664   0.6560  -0.7604    0.9440    4.0323     4.0323  3.163359e+07
beta_slot_raw[100]  -0.4276   0.6113  -0.9095    0.6210    4.0323     4.0323  3.163359e+07
beta_slot_raw[101]   0.1598   0.4040  -0.2883    0.5902    4.0323     4.0323  3.163359e+07
beta_slot_raw[102]   0.2843   0.7275  -0.8515    0.9740    4.0323     4.0323  3.163359e+07
beta_slot_raw[103]   0.0832   0.5175  -0.5930    0.7181    4.0323     4.0323  3.163359e+07
beta_slot_raw[104]  -0.2323   0.4118  -0.8712    0.2570    4.0323     4.0323  3.163359e+07
beta_slot_raw[105]  -0.0768   0.7006  -0.9054    0.6821    4.0323     4.0323  3.163359e+07
beta_slot_raw[106]  -0.3859   0.3764  -0.9824    0.0563    4.0323     4.0323  3.163359e+07
beta_slot_raw[107]  -0.4648   0.7586  -0.9664    0.8454    4.0323     4.0323  3.163359e+07
beta_slot_raw[108]  -0.2487   0.3733  -0.8848    0.0664    4.0323     4.0323  3.163359e+07
beta_slot_raw[109]  -0.0095   0.5660  -0.7532    0.7694    4.0323     4.0323  3.163359e+07
beta_slot_raw[110]  -0.4517   0.4100  -0.9080    0.1894    4.0323     4.0323  3.163359e+07
beta_slot_raw[111]   0.2472   0.5250  -0.5430    0.8563    4.0323     4.0323  3.163359e+07
beta_slot_raw[112]  -0.1400   0.6396  -0.9102    0.7693    4.0323     4.0323  3.163359e+07
beta_slot_raw[113]  -0.0026   0.4026  -0.3742    0.6755    4.0323     4.0323  3.163359e+07
beta_slot_raw[114]   0.3421   0.2445   0.0654    0.7194    4.0323     4.0323  3.163359e+07
beta_slot_raw[115]   0.3276   0.3266  -0.2279    0.6068    4.0323     4.0323  3.163359e+07
beta_slot_raw[116]  -0.2405   0.6516  -0.7841    0.8696    4.0323     4.0323  3.163359e+07
beta_slot_raw[117]  -0.4223   0.6046  -0.9737    0.5921    4.0323     4.0323  3.163359e+07
beta_slot_raw[118]  -0.3480   0.4893  -0.9038    0.3778    4.0323     4.0323  3.163359e+07
beta_slot_raw[119]   0.6375   0.2729   0.1967    0.9283    4.0323     4.0323  3.163359e+07
beta_slot_raw[120]  -0.0569   0.5607  -0.7489    0.5166    4.0323     4.0323  3.163359e+07
beta_slot_raw[121]   0.1499   0.5699  -0.6947    0.8188    4.0323     4.0323  3.163359e+07
beta_slot_raw[122]  -0.0873   0.5945  -0.8664    0.7716    4.0323     4.0323  3.163359e+07
beta_slot_raw[123]   0.0135   0.6122  -0.8754    0.6154    4.0323     4.0323  3.163359e+07
beta_slot_raw[124]   0.2550   0.3176  -0.2758    0.5645    4.0323     4.0323  3.163359e+07
beta_slot_raw[125]   0.2628   0.2853  -0.1201    0.6837    4.0323     4.0323  3.163359e+07
beta_slot_raw[126]   0.7461   0.2150   0.3806    0.9334    4.0323     4.0323  3.163359e+07
beta_slot_raw[127]   0.1651   0.4137  -0.5048    0.5089    4.0323     4.0323  3.163359e+07
beta_slot_raw[128]  -0.1627   0.4331  -0.7971    0.3239    4.0323     4.0323  3.163359e+07
beta_slot_raw[129]   0.2870   0.5098  -0.5433    0.8113    4.0323     4.0323  3.163359e+07
beta_slot_raw[130]   0.2244   0.7439  -0.8096    0.9789    4.0323     4.0323  3.163359e+07
beta_slot_raw[131]  -0.0612   0.4535  -0.7455    0.3892    4.0323  4000.0000  3.163359e+07
beta_slot_raw[132]   0.0363   0.6745  -0.8109    0.7559    4.0323  4000.0000  3.163359e+07
beta_slot_raw[133]  -0.1879   0.5120  -0.9241    0.4734    4.0323     4.0323  3.163359e+07
beta_slot_raw[134]   0.1237   0.6721  -0.7958    0.7893    4.0323     4.0323  3.163359e+07
beta_slot_raw[135]  -0.2123   0.6688  -0.9522    0.8615    4.0323     4.0323  3.163359e+07
beta_slot_raw[136]   0.6772   0.2444   0.3951    0.9770    4.0323     4.0323  3.163359e+07
beta_slot_raw[137]  -0.0620   0.7109  -0.9042    0.8420    4.0323     4.0323  3.163359e+07
beta_slot_raw[138]  -0.4124   0.5435  -0.9812    0.1387    4.0323     4.0323  3.163359e+07
beta_slot_raw[139]   0.1015   0.4917  -0.6442    0.7297    4.0323     4.0323  3.163359e+07
beta_slot_raw[140]   0.0836   0.1768  -0.1845    0.3103    4.0323     4.0323  3.163359e+07
beta_slot_raw[141]  -0.3923   0.3053  -0.7789   -0.0683    4.0323     4.0323  3.163359e+07
beta_slot_raw[142]  -0.1087   0.2880  -0.4636    0.2963    4.0323     4.0323  3.163359e+07
beta_slot_raw[143]   0.1966   0.6528  -0.8798    0.8793    4.0323     4.0323  3.163359e+07
beta_slot_raw[144]   0.4963   0.1288   0.2838    0.5993    4.0323     4.0323  3.163359e+07
beta_slot_raw[145]  -0.1219   0.5577  -0.9791    0.5000    4.0323     4.0323  3.163359e+07
beta_slot_raw[146]   0.5320   0.1876   0.2722    0.7776    4.0323     4.0323  3.163359e+07
beta_slot_raw[147]  -0.1257   0.7036  -0.9159    0.9489    4.0323     4.0323  3.163359e+07
beta_slot_raw[148]   0.1398   0.3138  -0.1429    0.6706    4.0323     4.0323  3.163359e+07
beta_slot_raw[149]   0.0565   0.6460  -0.8413    0.9717    4.0323     4.0323  3.163359e+07
beta_slot_raw[150]   0.6353   0.2208   0.2825    0.8914    4.0323     4.0323  3.163359e+07
beta_slot_raw[151]   0.3472   0.3815  -0.2384    0.8303    4.0323     4.0323  3.163359e+07
beta_slot_raw[152]   0.0027   0.2505  -0.4121    0.2604    4.0323     4.0323  3.163359e+07
beta_slot_raw[153]  -0.0587   0.6270  -0.8803    0.8819    4.0323     4.0323  3.163359e+07
beta_slot_raw[154]  -0.0492   0.5103  -0.8014    0.6072    4.0323     4.0323  3.163359e+07
beta_slot_raw[155]  -0.3408   0.6556  -0.9705    0.7526    4.0323     4.0323  3.163359e+07
beta_slot_raw[156]  -0.1620   0.3983  -0.7661    0.2984    4.0323  4000.0000  3.163359e+07
beta_slot_raw[157]  -0.1328   0.3701  -0.6376    0.4032    4.0323     4.0323  3.163359e+07
beta_slot_raw[158]  -0.0993   0.6995  -0.8890    0.9046    4.0323     4.0323  3.163359e+07
beta_slot_raw[159]   0.0404   0.4578  -0.6276    0.5587    4.0323     4.0323  3.163359e+07
beta_slot_raw[160]   0.3753   0.4346  -0.1501    0.8903    4.0323     4.0323  3.163359e+07
beta_slot_raw[161]  -0.3824   0.3489  -0.6712    0.1959    4.0323     4.0323  3.163359e+07
beta_slot_raw[162]  -0.1947   0.4209  -0.7984    0.2551    4.0323     4.0323  3.163359e+07
beta_slot_raw[163]  -0.1020   0.4035  -0.5418    0.4273    4.0323     4.0323  3.163359e+07
beta_slot_raw[164]  -0.1617   0.4498  -0.5169    0.6058    4.0323     4.0323  3.163359e+07
beta_slot_raw[165]   0.1751   0.5497  -0.7620    0.6038    4.0323     4.0323  3.163359e+07
beta_slot_raw[166]  -0.2926   0.6477  -0.9712    0.7354    4.0323     4.0323  3.163359e+07
beta_slot_raw[167]  -0.2416   0.2741  -0.4724    0.2080    4.0323     4.0323  3.163359e+07
beta_slot_raw[168]   0.5276   0.3481   0.1340    0.8858    4.0323     4.0323  3.163359e+07
beta_slot_raw[169]   0.1299   0.5293  -0.5948    0.7525    4.0323     4.0323  3.163359e+07
beta_slot_raw[170]  -0.1890   0.6859  -0.8635    0.9169    4.0323  4000.0000  3.163359e+07
beta_slot_raw[171]   0.3968   0.6370  -0.6952    0.8961    4.0323     4.0323  3.163359e+07
beta_slot_raw[172]   0.0534   0.4067  -0.5281    0.5463    4.0323     4.0323  3.163359e+07
beta_slot_raw[173]   0.0773   0.7003  -0.8563    0.9910    4.0323     4.0323  3.163359e+07
beta_slot_raw[174]  -0.1034   0.4338  -0.7191    0.3617    4.0323     4.0323  3.163359e+07
beta_slot_raw[175]  -0.1229   0.3421  -0.5205    0.3028    4.0323     4.0323  3.163359e+07
beta_slot_raw[176]  -0.2853   0.5573  -0.8553    0.5243    4.0323     4.0323  3.163359e+07
beta_slot_raw[177]  -0.0253   0.6485  -0.8668    0.7283    4.0323     4.0323  3.163359e+07
beta_slot_raw[178]   0.1902   0.5416  -0.6866    0.7662    4.0323     4.0323  3.163359e+07
beta_slot_raw[179]  -0.2005   0.5190  -0.7423    0.3872    4.0323     4.0323  3.163359e+07
beta_slot_raw[180]  -0.1245   0.8024  -0.9540    0.7105    4.0323     4.0323  3.163359e+07
beta_slot_raw[181]  -0.0955   0.6290  -0.7342    0.8800    4.0323     4.0323  3.163359e+07
beta_slot_raw[182]  -0.4495   0.4264  -0.9122    0.1268    4.0323     4.0323  3.163359e+07
beta_slot_raw[183]   0.2020   0.5592  -0.6330    0.7215    4.0323     4.0323  3.163359e+07
beta_slot_raw[184]  -0.4516   0.3061  -0.9460   -0.1505    4.0323     4.0323  3.163359e+07
beta_slot_raw[185]   0.0405   0.5081  -0.7606    0.6508    4.0323     4.0323  3.163359e+07