NCP Model -- Fold 1
Changes: NCP all levels, alpha_sigma=0.5x, tune=2000, accept=0.95
R-hat max: 12.6162  gate<1.05 -> FAIL
ESS min:   4   gate>400 -> FAIL
Convergence: FAIL

                        mean       sd   hdi_3%   hdi_97%  ess_bulk  ess_tail    r_hat
alpha               -44.9428   0.4208 -45.4960  -44.4312    4.3417    4.0323   7.3647
sigma_sym           111.1611  67.9963  41.0065  219.9125    4.1761   11.6128   8.2368
sigma_day            62.7098  36.7796  24.2838  110.8170    4.3667    4.0323   3.9411
sigma_bkt            49.8535  21.5787  22.4476   80.4742    4.4228   17.2522   4.2282
sigma_slot           34.1539  11.2320  18.6116   49.7961    4.2580   13.7446   9.2881
beta_sym_raw[0]       0.5113   0.1466   0.3574    0.7528    4.1748   11.2478   9.9262
beta_sym_raw[1]      -0.2900   0.6057  -0.8862    0.5256    4.2109    4.0323   5.0269
beta_sym_raw[2]       0.4984   0.3713   0.0603    0.9301    4.2307    4.0323   7.3570
beta_sym_raw[3]      -0.7975   0.1747  -0.9835   -0.6084    4.0824    4.0323   9.3597
beta_day_raw[0]      -0.5929   0.3957  -0.9800   -0.0765    4.1686   12.4224  11.9194
beta_day_raw[1]       0.7198   0.2402   0.4662    1.1154    4.3261    4.0323   3.9808
beta_day_raw[2]       0.2902   0.3599  -0.1193    0.7134    4.2219    4.0323   5.0720
beta_day_raw[3]      -0.2569   0.6554  -0.9519    0.5388    4.2239   11.1471   7.9844
beta_day_raw[4]       0.5507   0.4199  -0.1142    0.9566    4.3103    4.0323   6.8872
beta_day_raw[5]       0.1830   0.4971  -0.5678    0.8110    4.2180   11.1193   4.9790
beta_bkt_raw[0]      -0.2836   0.4532  -0.8087    0.3342    4.2047   17.6846   8.1876
beta_bkt_raw[1]      -0.1559   0.5887  -0.5001    0.8637    4.3681   47.2331   6.6733
beta_bkt_raw[2]       0.4249   0.4607  -0.3271    0.9273    4.2315   14.1351   4.7850
beta_bkt_raw[3]       0.1056   0.6819  -0.9256    0.9749    4.2980   21.0540   4.2095
beta_bkt_raw[4]       0.2697   0.4047  -0.1151    0.9483    4.3367   15.0971   8.0036
beta_bkt_raw[5]      -0.5205   0.4028  -0.9506   -0.0644    4.2807    4.0323   4.1965
beta_bkt_raw[6]       0.3437   0.1328   0.1995    0.5519    4.3457    4.0323   3.8205
beta_bkt_raw[7]      -0.3015   0.5826  -0.8053    0.6737    4.1938   12.7862   7.8270
beta_bkt_raw[8]      -0.1877   0.6374  -0.8631    0.8189    4.1782   14.5159   9.8607
beta_bkt_raw[9]      -0.2886   0.4158  -0.8682    0.2928    4.1751    4.0323   5.5330
beta_bkt_raw[10]     -0.3236   0.4498  -0.9906    0.2498    4.2043   14.9408   5.2172
beta_bkt_raw[11]     -0.1931   0.4690  -0.8484    0.3742    4.3102    4.0323   6.7933
beta_bkt_raw[12]      0.3821   0.5201  -0.4459    0.9854    4.3189   11.7184   4.0197
beta_bkt_raw[13]      0.5158   0.3120  -0.0102    0.8034    4.4044   13.4168   4.6432
beta_bkt_raw[14]     -0.1896   0.6283  -0.8306    0.5102    4.3611    4.0323   3.8353
beta_bkt_raw[15]     -0.0606   0.3042  -0.5264    0.2653    4.3385   28.9440   3.9115
beta_bkt_raw[16]      0.2567   0.2223  -0.0535    0.5294    4.2197    4.0323  10.8190
beta_bkt_raw[17]     -0.2642   0.5355  -0.8943    0.3501    4.2414   14.1858   4.6866
beta_bkt_raw[18]      0.2721   0.4515  -0.2971    0.9632    4.3105   13.1266   5.0438
beta_bkt_raw[19]     -0.1119   0.7046  -0.8774    0.7059    4.5615   27.6451   3.4270
beta_bkt_raw[20]      0.1997   0.3634  -0.2133    0.7437    4.1799    4.0323   5.4491
beta_bkt_raw[21]      0.2793   0.5731  -0.4874    0.9055    4.1790   10.7665   5.3805
beta_bkt_raw[22]      0.3560   0.1890   0.0496    0.5228    4.1756    4.0323   9.3655
beta_bkt_raw[23]     -0.0754   0.4420  -0.7393    0.4934    4.2664   11.2960   4.3466
beta_bkt_raw[24]     -0.1087   0.4061  -0.4056    0.5838    4.3941   63.2068   6.9834
beta_bkt_raw[25]      0.2705   0.5008  -0.4182    0.8682    4.3873    4.0323   6.7439
beta_bkt_raw[26]     -0.1058   0.6657  -0.8227    0.7380    4.3249    4.0323   3.9091
beta_bkt_raw[27]      0.1977   0.3224  -0.1639    0.7083    4.2407    4.0323   4.7616
beta_bkt_raw[28]     -0.0703   0.6272  -0.8607    0.6457    4.3210    4.0323   6.9777
beta_bkt_raw[29]      0.0851   0.5113  -0.6171    0.8032    4.2794   11.9256   4.7428
beta_bkt_raw[30]     -0.0780   0.8253  -0.9253    0.9077    4.3386   23.3208   8.2169
beta_bkt_raw[31]      0.0295   0.1876  -0.2722    0.2266    4.1066    4.0323   7.7125
beta_bkt_raw[32]     -0.2012   0.4630  -0.7561    0.3509    4.0866    4.0323   8.9932
beta_bkt_raw[33]      0.4138   0.4108  -0.2777    0.7587    4.3918   14.7104   5.3620
beta_bkt_raw[34]     -0.0912   0.4197  -0.4661    0.6188    4.3813   14.7512   5.2606
beta_bkt_raw[35]      0.3804   0.4169  -0.0726    0.9819    4.1764    4.0323   5.5086
beta_bkt_raw[36]      0.2538   0.5070  -0.3888    0.7958    4.3501    4.0323   7.4772
beta_bkt_raw[37]      0.2971   0.2701   0.0212    0.6604    4.1693    4.0323   5.5631
beta_bkt_raw[38]     -0.1947   0.5287  -0.9042    0.5445    4.3242    4.0323   3.8960
beta_bkt_raw[39]      0.3376   0.3994  -0.1870    0.8948    4.2622   13.5023   7.0644
beta_bkt_raw[40]      0.7441   0.0522   0.6861    0.8286    4.2600   11.2095   7.6955
beta_bkt_raw[41]      0.0579   0.5450  -0.5157    0.7095    4.2431    4.0323   4.6026
beta_bkt_raw[42]     -0.2641   0.6714  -0.8163    0.8706    4.2616    4.0323   4.3903
beta_bkt_raw[43]      0.5341   0.2275   0.1713    0.7424    4.3552   29.6443   3.7902
beta_bkt_raw[44]      0.0799   0.6251  -0.7421    0.7893    4.3276   27.0512   3.9251
beta_bkt_raw[45]     -0.2671   0.6826  -0.7331    0.9125    4.1962   14.4732   8.5012
beta_bkt_raw[46]      0.0824   0.1934  -0.1005    0.3886    4.3174   14.9424   7.1777
beta_slot_raw[0]      0.2813   0.1060   0.1612    0.4215    4.2679    4.0323   4.3661
beta_slot_raw[1]      0.1084   0.5766  -0.8038    0.6814    4.3126    4.0323   8.4368
beta_slot_raw[2]      0.6523   0.2670   0.2559    0.9853    4.1936   17.7962   5.4434
beta_slot_raw[3]      0.2379   0.5278  -0.6239    0.8085    4.2364   20.5386   4.7298
beta_slot_raw[4]      0.0425   0.6435  -0.7536    0.9469    4.1643   12.5907  12.6162
beta_slot_raw[5]      0.0192   0.7700  -0.7591    0.8063    4.3324   11.2747   4.1881
beta_slot_raw[6]      0.0877   0.2324  -0.1608    0.3340    4.3423   26.9930   3.8589
beta_slot_raw[7]     -0.0704   0.6770  -0.8874    0.9927    4.2656    4.0323   4.3671
beta_slot_raw[8]     -0.0897   0.7354  -0.9525    0.7863    4.3044   28.9534   8.4056
beta_slot_raw[9]     -0.2449   0.3194  -0.5903    0.2625    4.2317   13.6784   4.8619
beta_slot_raw[10]     0.0094   0.3053  -0.2658    0.5072    4.3402    4.0323   3.8109
beta_slot_raw[11]    -0.2869   0.4174  -0.7736    0.3274    4.2535    4.0323   4.5043
beta_slot_raw[12]     0.1249   0.8614  -0.8783    0.9921    4.1729   13.0875   5.7923
beta_slot_raw[13]    -0.2235   0.4749  -0.7700    0.4098    4.2425    4.0323   4.5650
beta_slot_raw[14]     0.4947   0.4916  -0.3483    0.8769    4.2591   13.4916   4.5276
beta_slot_raw[15]     0.2178   0.6153  -0.8072    0.8054    4.1916    4.0323   9.9790
beta_slot_raw[16]    -0.1996   0.5231  -0.8112    0.4971    4.2738   26.4077   7.7899
beta_slot_raw[17]     0.4127   0.4375  -0.2578    0.9671    4.3735   13.3316   5.1032
beta_slot_raw[18]     0.2273   0.3944  -0.1551    0.8050    4.2541    4.0323   4.5255
beta_slot_raw[19]    -0.4481   0.3183  -0.8804   -0.0047    4.1691    4.0323   5.6585
beta_slot_raw[20]    -0.0316   0.6574  -0.7517    0.7808    4.2358   11.4212   5.3408
beta_slot_raw[21]    -0.5760   0.4829  -0.8867    0.2595    4.3092   14.0758   4.5384
beta_slot_raw[22]    -0.2941   0.1820  -0.5510   -0.0792    4.4441   11.7764   3.5968
beta_slot_raw[23]     0.0871   0.5912  -0.7912    0.8747    4.1979   12.6020   9.0223
beta_slot_raw[24]    -0.2000   0.2542  -0.5645    0.1015    4.3374    4.0323   6.8282
beta_slot_raw[25]    -0.5328   0.2394  -0.7512   -0.1378    4.0953    4.0323   8.3642
beta_slot_raw[26]    -0.2630   0.5642  -0.9751    0.4695    4.2992   11.2832   5.1619
beta_slot_raw[27]     0.4595   0.3679  -0.1297    0.8486    4.1880    4.0323   8.1796
beta_slot_raw[28]    -0.1629   0.7056  -0.9652    0.9475    4.4678   13.6865   4.0545
beta_slot_raw[29]    -0.2782   0.6159  -0.9482    0.6731    4.2161   11.2718   8.0493
beta_slot_raw[30]    -0.3782   0.4995  -0.9118    0.3085    4.3178    4.0323   4.0989
beta_slot_raw[31]    -0.4005   0.3626  -0.7751    0.1603    4.1670   11.4344  11.9923
beta_slot_raw[32]    -0.1368   0.4150  -0.6154    0.5069    4.0926    4.0323   8.5253
beta_slot_raw[33]    -0.4882   0.4163  -0.8933    0.0570    4.3287    4.0323   3.9579
beta_slot_raw[34]     0.2065   0.2798  -0.1369    0.4946    4.3107    4.0323   4.6768
beta_slot_raw[35]    -0.4859   0.4371  -0.9539    0.1934    4.1721   11.8537   9.5680
beta_slot_raw[36]    -0.5365   0.4491  -1.0214    0.1468    4.2347   17.6575   9.8111
beta_slot_raw[37]     0.0954   0.2792  -0.1801    0.5213    4.1976   13.8139   9.0979
beta_slot_raw[38]    -0.5062   0.4043  -0.9769    0.0017    4.3476   11.4494   4.7709
beta_slot_raw[39]     0.2191   0.5013  -0.3983    0.8008    4.0604    4.0323  12.3046
beta_slot_raw[40]     0.6036   0.3815   0.0790    0.9995    4.2455   14.2009   4.5888
beta_slot_raw[41]    -0.1448   0.5595  -0.8240    0.5693    4.3709   10.9919   4.6135
beta_slot_raw[42]    -0.0051   0.7825  -0.8952    0.9738    4.0646    4.0323  11.5033
beta_slot_raw[43]     0.1887   0.3549  -0.1364    0.7197    4.2522   14.0489   9.1857
beta_slot_raw[44]     0.1120   0.5993  -0.4621    0.9785    4.2311   20.2491   9.8259
beta_slot_raw[45]    -0.0578   0.5586  -0.6641    0.5855    4.1887   11.9095  10.5807
beta_slot_raw[46]    -0.4311   0.2948  -0.8620   -0.0357    4.1882    4.0323   7.9315
beta_slot_raw[47]    -0.1495   0.5695  -0.9842    0.4889    4.2185   18.6808   5.1123
beta_slot_raw[48]    -0.0893   0.4007  -0.7465    0.3376    4.1947   13.7312   5.3636
beta_slot_raw[49]    -0.0562   0.4884  -0.6408    0.5343    4.3115   14.2219   7.9829
beta_slot_raw[50]    -0.1047   0.6204  -0.8612    0.8266    4.2710   24.3521   9.4645
beta_slot_raw[51]    -0.4285   0.5332  -0.9347    0.4582    4.3397   23.5605   7.0247
beta_slot_raw[52]     0.0787   0.5358  -0.7935    0.5808    4.3564   21.2883   3.7867
beta_slot_raw[53]     0.7233   0.2544   0.3012    0.9388    4.2807   11.6226   4.2890
beta_slot_raw[54]     0.0802   0.3349  -0.3095    0.4628    4.0854    4.0323   9.1005
beta_slot_raw[55]     0.2810   0.4495  -0.3750    0.7894    4.0717    4.0323  10.2931
beta_slot_raw[56]     0.4584   0.2797   0.0392    0.8247    4.0838    4.0323   9.0528
beta_slot_raw[57]     0.2512   0.3440  -0.1797    0.7722    4.0840    4.0323   8.9903
beta_slot_raw[58]     0.3526   0.5213  -0.3999    0.9512    4.2310    4.0323   8.1313
beta_slot_raw[59]     0.1332   0.5002  -0.4258    0.8054    4.3134   22.1390   7.4544
beta_slot_raw[60]    -0.4670   0.4118  -0.9891    0.1266    4.3987    4.0323   3.8400
beta_slot_raw[61]    -0.2156   0.4978  -0.8612    0.5333    4.2953    4.0323   4.1654
beta_slot_raw[62]     0.1234   0.5733  -0.4968    0.8732    4.3473   19.9029   7.3748
beta_slot_raw[63]     0.3067   0.4380  -0.4458    0.6312    4.3458   17.3429   3.8255
beta_slot_raw[64]     0.0521   0.5352  -0.5863    0.8119    4.1285    4.0323   6.7936
beta_slot_raw[65]    -0.4424   0.5206  -0.9274    0.4258    4.3582   11.3999   4.4753
beta_slot_raw[66]     0.0131   0.6657  -0.9480    0.8051    4.1933    4.0323   8.3264
beta_slot_raw[67]     0.1143   0.5856  -0.5136    0.7702    4.0982    4.0323   8.0700
beta_slot_raw[68]     0.1585   0.7141  -0.6641    0.8799    4.1861   13.5912   5.7013
beta_slot_raw[69]    -0.0106   0.3385  -0.5292    0.3058    4.1082    4.0323   7.7660
beta_slot_raw[70]     0.2189   0.7229  -0.6547    0.9357    4.2322   13.5453   5.0207
beta_slot_raw[71]    -0.4629   0.3237  -0.9716   -0.0712    4.2059   15.4196   5.3307
beta_slot_raw[72]     0.0667   0.6384  -0.9222    0.7537    4.0692    4.0323  10.6849
beta_slot_raw[73]    -0.0808   0.4835  -0.7847    0.5800    4.2089    4.0323   8.7928
beta_slot_raw[74]     0.1520   0.7043  -0.7257    0.9631    4.4424   19.3873   4.1558
beta_slot_raw[75]    -0.2239   0.7450  -0.9519    0.8580    4.0918    4.0323   8.5733
beta_slot_raw[76]    -0.1925   0.6043  -0.7339    0.8175    4.2027    4.0323   5.3568
beta_slot_raw[77]    -0.0664   0.6750  -0.7676    0.9445    4.3518   12.8272   5.1436
beta_slot_raw[78]     0.0743   0.6531  -0.9913    0.6730    4.2555   12.2377   4.5449
beta_slot_raw[79]     0.2677   0.4694  -0.3937    0.8724    4.3401    4.0323   6.8720
beta_slot_raw[80]    -0.3123   0.3417  -0.5879    0.2649    4.3250    4.0323   4.0109
beta_slot_raw[81]    -0.1923   0.1405  -0.3677    0.0057    4.3577   39.0859   6.9903
beta_slot_raw[82]    -0.3800   0.7717  -0.9088    0.9483    4.1031    4.0323   7.8567
beta_slot_raw[83]    -0.4878   0.3915  -0.9527    0.0772    4.2758   11.4212   8.3409
beta_slot_raw[84]     0.0439   0.5491  -0.8026    0.7292    4.2808    4.0323   7.8468
beta_slot_raw[85]    -0.3982   0.6387  -0.9726    0.6025    4.2597    4.0323   4.6517
beta_slot_raw[86]    -0.0566   0.6676  -0.8733    0.6422    4.2241    4.0323   8.5412
beta_slot_raw[87]    -0.2352   0.5087  -0.9622    0.3991    4.3151    4.0323   7.7413
beta_slot_raw[88]     0.6148   0.4014  -0.0599    0.9784    4.3448    4.0323   3.9606
beta_slot_raw[89]    -0.3738   0.4035  -0.6980    0.3153    4.2480    4.0323   4.5788
beta_slot_raw[90]    -0.2099   0.4104  -0.7968    0.2707    4.1933    4.0323   9.2088
beta_slot_raw[91]     0.0673   0.5642  -0.8999    0.4618    4.3759   12.9030   4.0764
beta_slot_raw[92]    -0.0986   0.7511  -0.8302    0.8921    4.2337   11.4944   7.6973
beta_slot_raw[93]    -0.3382   0.2330  -0.6173   -0.0957    4.1918    4.0323   9.7664
beta_slot_raw[94]    -0.1137   0.2191  -0.3719    0.1280    4.1993    4.0323  10.8226
beta_slot_raw[95]    -0.4380   0.2509  -0.7364   -0.0531    4.1916    4.0323   5.4549
beta_slot_raw[96]    -0.1382   0.6344  -0.9601    0.5426    4.3099   12.1329   4.0894
beta_slot_raw[97]    -0.1584   0.6783  -0.9577    0.9173    4.4635   15.1046   3.5428
beta_slot_raw[98]    -0.2189   0.3314  -0.7093    0.1254    4.1848    4.0323  12.2330
beta_slot_raw[99]     0.2530   0.4402  -0.3106    0.8806    4.3267    4.0323   4.2547
beta_slot_raw[100]    0.2891   0.1572   0.1159    0.5305    4.3230    4.0323   3.8914
beta_slot_raw[101]   -0.0712   0.3649  -0.4481    0.5319    4.0937    4.0323   8.4904
beta_slot_raw[102]   -0.2576   0.3488  -0.8462    0.0250    4.2773   20.5090   4.3646
beta_slot_raw[103]   -0.2857   0.5846  -0.9898    0.3225    4.5024   12.7398   3.4701
beta_slot_raw[104]   -0.6081   0.3461  -0.8952   -0.0355    4.3549   15.2444   5.4357
beta_slot_raw[105]   -0.2125   0.3924  -0.6759    0.4075    4.0985    4.0323   8.0591
beta_slot_raw[106]   -0.1173   0.5945  -0.8519    0.8078    4.3972   10.8707   5.0792
beta_slot_raw[107]    0.1054   0.7574  -0.7833    0.9114    4.2125   13.4033   5.1232
beta_slot_raw[108]   -0.0632   0.2632  -0.4051    0.3155    4.3046    4.0323   4.1340
beta_slot_raw[109]   -0.0834   0.5179  -0.7971    0.5474    4.2257   16.6955   5.0450
beta_slot_raw[110]   -0.2119   0.2931  -0.5931    0.1307    4.0971    4.0323   8.0785
beta_slot_raw[111]    0.2264   0.3109  -0.1036    0.6904    4.3383   31.6223   7.9166
beta_slot_raw[112]    0.4680   0.3118  -0.0253    0.8242    4.1074    4.0323   7.6150
beta_slot_raw[113]   -0.2985   0.2684  -0.6457    0.1040    4.1885    4.0323   5.3548
beta_slot_raw[114]   -0.2901   0.3319  -0.6098    0.2169    4.2006   16.0064  10.4626
beta_slot_raw[115]    0.1593   0.4469  -0.3583    0.6516    4.2634   12.8026   5.9207
beta_slot_raw[116]    0.0100   0.0780  -0.0727    0.1143    4.2962   20.8387   7.2968
beta_slot_raw[117]   -0.0918   0.3835  -0.5193    0.5267    4.2232   16.2885   8.6300
beta_slot_raw[118]    0.0693   0.3147  -0.3544    0.4942    4.1671    4.0323   5.7750
beta_slot_raw[119]    0.0972   0.6693  -0.9353    0.8992    4.1820   20.0973   5.9041
beta_slot_raw[120]   -0.4284   0.1758  -0.6456   -0.1549    4.2271    4.0323   4.8145
beta_slot_raw[121]    0.2076   0.4794  -0.2850    0.9222    4.1201    4.0323   7.0185
beta_slot_raw[122]   -0.5154   0.2959  -0.8618   -0.0918    4.3330   20.3485   6.8356
beta_slot_raw[123]    0.4766   0.4602  -0.3059    0.8791    4.0878    4.0323   8.7133
beta_slot_raw[124]    0.7295   0.1971   0.3938    0.8849    4.4321   13.0119   3.5638
beta_slot_raw[125]   -0.4094   0.1265  -0.5804   -0.2605    4.2461   21.5176   4.8165
beta_slot_raw[126]   -0.2423   0.4959  -0.9959    0.2971    4.0592    4.0323  12.5948
beta_slot_raw[127]    0.3380   0.7005  -0.8577    0.8866    4.2703    4.0323   7.7269
beta_slot_raw[128]   -0.0735   0.6672  -0.9203    0.8223    4.3427    4.0323   3.9835
beta_slot_raw[129]    0.1044   0.7082  -0.9254    0.9470    4.3365   16.7803   3.8505
beta_slot_raw[130]   -0.0672   0.1087  -0.2008    0.0945    4.3275   26.2607   7.2728
beta_slot_raw[131]   -0.1317   0.3297  -0.5070    0.2162    4.5161   29.0323   3.5579
beta_slot_raw[132]   -0.7949   0.1486  -0.9826   -0.6413    4.3914   11.5153   4.1625
beta_slot_raw[133]    0.0926   0.7995  -0.9233    0.9080    4.1814    4.0323   9.8119
beta_slot_raw[134]   -0.1990   0.5323  -0.7974    0.4809    4.5763   39.3765   3.8342
beta_slot_raw[135]   -0.2231   0.6405  -0.9465    0.4625    4.2263   19.9599   4.9539
beta_slot_raw[136]   -0.0870   0.4670  -0.5986    0.5529    4.2060    4.0323   5.0979
beta_slot_raw[137]    0.0844   0.2370  -0.1916    0.4552    4.1908   10.7247   8.4398
beta_slot_raw[138]   -0.0037   0.6433  -0.8887    0.7723    4.3691   11.0588   4.1541
beta_slot_raw[139]    0.0976   0.4833  -0.4162    0.7199    4.0829    4.0323   9.1952
beta_slot_raw[140]   -0.4357   0.4631  -0.8546    0.3349    4.3265    4.0323   4.0365
beta_slot_raw[141]   -0.2704   0.4370  -0.7969    0.4142    4.2033    4.0323   5.0472
beta_slot_raw[142]   -0.4028   0.7248  -0.9968    0.7997    4.3055    4.0323   4.0255
beta_slot_raw[143]    0.1959   0.5025  -0.4976    0.9199    4.4253   12.2329   3.5991
beta_slot_raw[144]   -0.3425   0.3490  -0.7745    0.0611    4.5448   23.1257   3.5357
beta_slot_raw[145]    0.2852   0.6921  -0.8037    0.9850    4.0615    4.0323  12.5627
beta_slot_raw[146]    0.1316   0.3316  -0.2094    0.6689    4.1908    4.0323   5.4688
beta_slot_raw[147]   -0.5836   0.5314  -0.9282    0.3336    4.2314    4.0323   4.8495
beta_slot_raw[148]    0.2403   0.2855  -0.2399    0.4672    4.2224    4.0323   8.5919
beta_slot_raw[149]    0.2786   0.2886  -0.1190    0.5795    4.4205   11.4601   3.8874
beta_slot_raw[150]    0.0821   0.2469  -0.1618    0.3867    4.2280   12.4330   9.9135
beta_slot_raw[151]   -0.0227   0.6051  -0.5970    0.8544    4.3260   11.0378   5.4531
beta_slot_raw[152]   -0.5663   0.1717  -0.7898   -0.3496    4.2653   11.0324   5.2011
beta_slot_raw[153]   -0.1763   0.6164  -0.7760    0.8542    4.3027    4.0323   4.2193
beta_slot_raw[154]    0.1426   0.5665  -0.6714    0.6971    4.2189    4.0323   7.3510
beta_slot_raw[155]    0.1008   0.7591  -0.8847    0.9823    4.1051    4.0323   7.7500
beta_slot_raw[156]   -0.4566   0.3759  -0.7871    0.1423    4.0799    4.0323   9.9399
beta_slot_raw[157]   -0.1270   0.5386  -0.6218    0.7786    4.3293    4.0323   4.1943
beta_slot_raw[158]   -0.4287   0.7712  -0.9282    0.9056    4.2067   13.6333  11.0086
beta_slot_raw[159]   -0.1271   0.6532  -0.7231    0.9027    4.1382    4.0323   6.8825
beta_slot_raw[160]    0.0070   0.5388  -0.6707    0.8099    4.2220    4.0323   4.8491
beta_slot_raw[161]   -0.1323   0.1601  -0.3752    0.0459    4.2804    4.0323   9.0645
beta_slot_raw[162]    0.0176   0.6508  -0.8747    0.8934    4.1588    4.0323  11.5388
beta_slot_raw[163]    0.1626   0.6463  -0.8081    0.9370    4.1282    4.0323   6.7109
beta_slot_raw[164]    0.0805   0.6040  -0.9650    0.4568    4.1744   11.2826   5.4887
beta_slot_raw[165]    0.1314   0.3595  -0.4478    0.5326    4.2055    4.0323   9.0994
beta_slot_raw[166]    0.0739   0.4577  -0.5543    0.7353    4.1939   11.5325   8.7731
beta_slot_raw[167]   -0.0839   0.6428  -0.7698    0.9560    4.2006   12.5213  10.0595
beta_slot_raw[168]    0.3975   0.7575  -0.8983    0.9707    4.0855    4.0323   8.9922
beta_slot_raw[169]   -0.1635   0.6494  -0.8295    0.8192    4.2427   15.2609   7.1244
beta_slot_raw[170]   -0.2294   0.5520  -0.9966    0.5552    4.2076    4.0323   5.2131
beta_slot_raw[171]    0.4780   0.2192   0.1617    0.7126    4.0844    4.0323   9.0763
beta_slot_raw[172]    0.1212   0.8080  -0.8540    0.9839    4.3519    4.0323   8.2704
beta_slot_raw[173]    0.2504   0.0724   0.1479    0.3379    4.2998   24.3016   4.3427
beta_slot_raw[174]    0.4245   0.4699  -0.2113    0.9074    4.3817   11.4160   3.9917
beta_slot_raw[175]    0.0936   0.4635  -0.4860    0.6955    4.0983    4.0323   8.4937
beta_slot_raw[176]   -0.2476   0.3337  -0.6650    0.1237    4.3083    4.0323   6.7032
beta_slot_raw[177]    0.3008   0.2867  -0.1780    0.5764    4.2059    4.0323   8.3663
beta_slot_raw[178]   -0.0218   0.5129  -0.4132    0.8539    4.3151   30.7784   7.9211
beta_slot_raw[179]    0.1707   0.4019  -0.4967    0.5355    4.3379   11.4790   5.3996
beta_slot_raw[180]    0.0604   0.4737  -0.4187    0.8244    4.2465   13.0636   8.0200
beta_slot_raw[181]    0.1973   0.5640  -0.6935    0.7826    4.3268    4.0323   6.5719