NCP Model -- Fold 3
Changes: NCP all levels, alpha_sigma=0.5x, tune=2000, accept=0.95
R-hat max: 18.6331  gate<1.05 -> FAIL
ESS min:   4   gate>400 -> FAIL
Convergence: FAIL

                       mean       sd   hdi_3%   hdi_97%  ess_bulk  ess_tail    r_hat
alpha              -38.0507   0.5698 -38.6811  -37.2302    4.0554    4.0323  13.8743
sigma_sym           34.1249   5.3764  28.8097   40.8678    4.0581    4.0323  13.0660
sigma_day           58.6783  19.0306  37.9625   81.5644    4.2617    4.0323   4.4084
sigma_bkt           54.2593  49.8005  15.7409  137.9376    4.2472    4.0323   4.8837
sigma_slot          33.4386  13.8550  23.9471   57.2248    4.0555    4.0323  13.6904
beta_sym_raw[0]      0.6008   0.5382  -0.2320    1.1279    4.2590    4.0323  10.7641
beta_sym_raw[1]      0.3663   0.3109  -0.0520    0.8110    4.3151   28.8895   9.6070
beta_sym_raw[2]     -0.1897   0.6526  -0.8790    0.8349    4.1432   11.2384  16.8974
beta_sym_raw[3]     -0.0503   0.6030  -0.8518    0.7644    4.0515    4.0323  15.1495
beta_day_raw[0]      0.3512   0.5206  -0.4324    0.9196    4.2968    4.0323   9.4671
beta_day_raw[1]     -0.6592   0.3074  -0.9198   -0.1441    4.0708    4.0323  10.8181
beta_day_raw[2]     -0.1607   0.3888  -0.5560    0.4378    4.2727   23.0155  10.8725
beta_day_raw[3]      0.2959   0.5451  -0.5954    0.7512    4.2703   20.2014   4.6920
beta_day_raw[4]     -0.0564   0.6549  -0.7453    0.6659    4.1520   11.1838  15.1169
beta_day_raw[5]     -0.3315   0.5742  -0.9410    0.6116    4.1855    4.0323   5.7523
beta_bkt_raw[0]     -0.2547   0.4629  -0.9748    0.1613    4.0544    4.0323  14.1217
beta_bkt_raw[1]      0.1690   0.6413  -0.7481    0.9947    4.2581    4.0323   9.8047
beta_bkt_raw[2]     -0.5289   0.3506  -0.9205   -0.0103    4.0506    4.0323  15.2907
beta_bkt_raw[3]      0.2123   0.5370  -0.5172    0.9826    4.2262    4.0323   4.9439
beta_bkt_raw[4]      0.2033   0.5300  -0.4531    0.7405    4.0470    4.0323  17.1043
beta_bkt_raw[5]     -0.0820   0.7022  -0.9187    0.9886    4.3176   14.9837   9.4269
beta_bkt_raw[6]      0.0871   0.4027  -0.3651    0.5277    4.1461   10.9605   6.1428
beta_bkt_raw[7]      0.0930   0.5349  -0.6233    0.8480    4.2415   34.6302  11.0442
beta_bkt_raw[8]      0.5588   0.2580   0.1866    0.8903    4.0520    4.0323  14.7571
beta_bkt_raw[9]     -0.2936   0.1836  -0.4533    0.0170    4.0804    4.0323   9.4367
beta_bkt_raw[10]     0.0309   0.3133  -0.2770    0.5292    4.0819    4.0323   9.6011
beta_bkt_raw[11]    -0.1828   0.6246  -0.9440    0.6424    4.1500   12.5012  16.7776
beta_bkt_raw[12]    -0.1068   0.6889  -0.8835    0.9947    4.0845    4.0323   9.4131
beta_bkt_raw[13]    -0.2755   0.4543  -0.8662    0.3723    4.2514    4.0323   4.5089
beta_bkt_raw[14]    -0.1596   0.6517  -0.8576    0.9093    4.0771    4.0323  10.1484
beta_bkt_raw[15]     0.1094   0.4102  -0.4588    0.6874    4.2983   33.2808  10.6716
beta_bkt_raw[16]    -0.1708   0.5938  -0.9604    0.6728    4.3076    4.0323   4.0940
beta_bkt_raw[17]     0.0810   0.5175  -0.5576    0.8847    4.0831    4.0323   9.6494
beta_bkt_raw[18]    -0.5003   0.3448  -0.9093   -0.0255    4.0742    4.0323  10.4123
beta_bkt_raw[19]    -0.0814   0.6889  -0.9759    0.6623    4.1822   12.5571   5.7516
beta_bkt_raw[20]     0.3055   0.4293  -0.3112    0.7605    4.0448    4.0323  18.3524
beta_bkt_raw[21]     0.0553   0.4632  -0.4572    0.7742    4.0490    4.0323  15.7801
beta_bkt_raw[22]     0.4807   0.1907   0.1670    0.6782    4.1861    4.0323  11.9662
beta_bkt_raw[23]    -0.1920   0.4245  -0.6254    0.2647    4.0800    4.0323   9.6940
beta_bkt_raw[24]    -0.1590   0.7927  -0.9272    0.9316    4.0539    4.0323  14.2491
beta_bkt_raw[25]    -0.1399   0.5098  -0.8782    0.4900    4.3030    4.0323   9.3179
beta_bkt_raw[26]    -0.1338   0.7867  -0.9752    0.8663    4.0531    4.0323  14.5245
beta_bkt_raw[27]     0.1637   0.4620  -0.4473    0.7103    4.1486   10.7902   6.0628
beta_bkt_raw[28]    -0.2164   0.4892  -0.8964    0.2960    4.0619    4.0323  12.2683
beta_bkt_raw[29]     0.1897   0.6386  -0.7844    0.8827    4.2705   22.9432   4.5146
beta_bkt_raw[30]    -0.1804   0.4031  -0.4607    0.5102    4.0781    4.0323   9.7803
beta_bkt_raw[31]    -0.4530   0.5615  -0.9643    0.4454    4.1776   16.9461  16.8880
beta_bkt_raw[32]    -0.1571   0.5431  -0.7892    0.7101    4.0757    4.0323   9.8053
beta_bkt_raw[33]    -0.6909   0.9198  -2.2504    0.0186    4.2534   37.2178   4.6843
beta_bkt_raw[34]    -0.3116   0.4293  -0.9182    0.2890    4.3642   57.9028   4.0045
beta_bkt_raw[35]    -0.0155   0.8867  -0.9726    0.9322    4.0713    4.0323  10.3956
beta_bkt_raw[36]     0.1072   0.5801  -0.6390    0.9870    4.1535   10.5865  16.5261
beta_bkt_raw[37]     0.1063   0.6357  -0.5297    0.8964    4.2304   14.0721   4.9217
beta_bkt_raw[38]    -0.1914   0.5978  -0.8370    0.5215    4.0462    4.0323  17.3301
beta_bkt_raw[39]     0.1464   0.6326  -0.9311    0.6574    4.3007   26.1178   4.1787
beta_bkt_raw[40]     0.2408   0.6816  -0.6990    0.9126    4.0684    4.0323  10.9078
beta_bkt_raw[41]     0.0178   0.4244  -0.4113    0.7188    4.2116    4.0323   5.2664
beta_bkt_raw[42]     0.0176   0.6200  -0.7539    0.7311    4.2065    4.0323  10.8957
beta_bkt_raw[43]    -0.1633   0.3857  -0.5902    0.2547    4.1428    4.0323  16.8923
beta_bkt_raw[44]     0.4249   0.5099  -0.4468    0.8079    4.0598    4.0323  12.5360
beta_bkt_raw[45]     0.0453   0.4800  -0.3200    0.8663    4.0860    4.0323   9.4226
beta_bkt_raw[46]    -0.2585   0.6291  -0.8299    0.7935    4.0636    4.0323  11.5344
beta_bkt_raw[47]     0.1396   0.3332  -0.4154    0.4314    4.3014    4.0323   8.8942
beta_slot_raw[0]     0.0308   0.7756  -0.8690    0.8173    4.2896   17.9029   4.1415
beta_slot_raw[1]     0.2096   0.5704  -0.7508    0.7467    4.2982    4.0323  10.2277
beta_slot_raw[2]     0.4877   0.2655   0.0912    0.8368    4.3085    4.0323   9.4034
beta_slot_raw[3]    -0.0298   0.6576  -0.8421    0.9800    4.2592    4.0323   4.4482
beta_slot_raw[4]     0.1178   0.2149  -0.1859    0.4156    4.0567    4.0323  13.7720
beta_slot_raw[5]    -0.3577   0.7963  -0.9644    0.9937    4.0615    4.0323  12.5924
beta_slot_raw[6]    -0.3707   0.6862  -0.9586    0.7289    4.1953   19.1958  15.7235
beta_slot_raw[7]    -0.2000   0.3225  -0.5872    0.1448    4.2350    4.0323  11.6872
beta_slot_raw[8]     0.1074   0.5510  -0.8447    0.4836    4.2970   27.9124   4.1404
beta_slot_raw[9]     0.0218   0.5882  -0.8190    0.8426    4.1902   11.4902   5.2562
beta_slot_raw[10]    0.2793   0.5422  -0.6573    0.6309    4.2914   24.0386   4.1258
beta_slot_raw[11]    0.1113   0.2326  -0.1763    0.3784    4.0595    4.0323  12.8980
beta_slot_raw[12]    0.0990   0.2831  -0.2544    0.4102    4.0890    4.0323   9.5706
beta_slot_raw[13]   -0.4653   0.1772  -0.6675   -0.1803    4.1705   14.6067  14.8605
beta_slot_raw[14]    0.0028   0.3401  -0.3369    0.5538    4.1597   11.0696   9.8117
beta_slot_raw[15]   -0.0394   0.4160  -0.6194    0.4647    4.0535    4.0323  14.2504
beta_slot_raw[16]    0.0480   0.5816  -0.5937    0.9237    4.0750    4.0323  10.5526
beta_slot_raw[17]   -0.2712   0.3551  -0.8474    0.1013    4.1566   14.9131   6.0131
beta_slot_raw[18]    0.5867   0.1775   0.2945    0.7740    4.1750    4.0323  16.6888
beta_slot_raw[19]   -0.3647   0.3301  -0.6068    0.2004    4.0736    4.0323  10.5771
beta_slot_raw[20]    0.3765   0.3072   0.0269    0.8610    4.0588    4.0323  12.7339
beta_slot_raw[21]   -0.0396   0.4254  -0.6440    0.4528    4.2214   11.3910   4.8087
beta_slot_raw[22]   -0.5670   0.5537  -0.9266    0.3901    4.0481    4.0323  16.3728
beta_slot_raw[23]   -0.3326   0.3218  -0.8406    0.0485    4.0823    4.0323   9.4117
beta_slot_raw[24]    0.0732   0.5288  -0.7444    0.6013    4.3135   22.9671   3.9882
beta_slot_raw[25]   -0.4200   0.2177  -0.7776   -0.1936    4.0583    4.0323  12.7277
beta_slot_raw[26]    0.5804   0.5878  -0.4341    0.9879    4.3299   20.0838   4.0359
beta_slot_raw[27]    0.1313   0.5152  -0.7312    0.5761    4.0583    4.0323  12.6952
beta_slot_raw[28]   -0.0998   0.5099  -0.5411    0.7683    4.0444    4.0323  18.5330
beta_slot_raw[29]    0.0665   0.4409  -0.3931    0.7322    4.3484   31.6129   8.5906
beta_slot_raw[30]    0.0953   0.6588  -0.9406    0.6718    4.0479    4.0323  17.1568
beta_slot_raw[31]   -0.5019   0.3155  -0.9792   -0.1900    4.0497    4.0323  15.6365
beta_slot_raw[32]   -0.2894   0.7525  -0.9714    0.9015    4.1460    4.0323   6.2056
beta_slot_raw[33]   -0.2856   0.7032  -0.9456    0.7830    4.2110   11.6907  12.6845
beta_slot_raw[34]    0.1425   0.4392  -0.2922    0.6655    4.1926    4.0323   5.5056
beta_slot_raw[35]   -0.1414   0.7084  -0.8928    0.8849    4.0471    4.0323  16.9657
beta_slot_raw[36]    0.6268   0.4960  -0.1867    1.1511    4.0803    4.0323   9.5969
beta_slot_raw[37]   -0.3007   0.3204  -0.6419    0.0231    4.0752    4.0323  10.6671
beta_slot_raw[38]   -0.0278   0.4519  -0.7017    0.5609    4.0818    4.0323   9.4677
beta_slot_raw[39]    0.3249   0.5376  -0.4983    0.8880    4.3495    4.0323   8.5609
beta_slot_raw[40]   -0.0153   0.3819  -0.5870    0.4821    4.2185    4.0323  10.9763
beta_slot_raw[41]    0.0555   0.3762  -0.3518    0.4863    4.2948   23.5442   9.0764
beta_slot_raw[42]   -0.1168   0.6162  -0.6649    0.8937    4.1899    4.0323   5.5584
beta_slot_raw[43]    0.2972   0.3645  -0.2813    0.6569    4.3372    4.0323   8.9068
beta_slot_raw[44]   -0.1098   0.2592  -0.4649    0.2358    4.3340    4.0323   9.6525
beta_slot_raw[45]    0.3905   0.7926  -0.9674    0.9448    4.1782    4.0323  15.4155
beta_slot_raw[46]    0.0204   0.5396  -0.3900    0.9402    4.2832   16.8495  10.1079
beta_slot_raw[47]   -0.1864   0.6681  -0.8890    0.7291    4.0495    4.0323  16.7287
beta_slot_raw[48]   -0.1422   0.3464  -0.5261    0.4189    4.0715    4.0323  10.4555
beta_slot_raw[49]    0.0688   0.8186  -0.8059    0.9822    4.1655   11.3843  14.4405
beta_slot_raw[50]    0.3415   0.4832  -0.3222    0.9852    4.0876    4.0323   9.6074
beta_slot_raw[51]    0.4451   0.3822  -0.0807    0.8837    4.0691    4.0323  10.7869
beta_slot_raw[52]    0.6109   0.1492   0.3638    0.7640    4.3118   24.7100   4.2072
beta_slot_raw[53]    0.0849   0.4133  -0.4860    0.6700    4.0516    4.0323  14.9563
beta_slot_raw[54]   -0.0862   0.4900  -0.8813    0.4247    4.2505    4.0323  11.4310
beta_slot_raw[55]    0.3984   0.4399  -0.3317    0.8467    4.2147   13.4281   4.9823
beta_slot_raw[56]   -0.2847   0.4212  -0.9209    0.2634    4.0669    4.0323  11.0688
beta_slot_raw[57]    0.0975   0.5778  -0.8517    0.7011    4.2931   24.5821   4.1120
beta_slot_raw[58]    0.1349   0.3189  -0.2457    0.6357    4.1558    4.0323   5.9606
beta_slot_raw[59]    0.2483   0.5774  -0.6547    0.8671    4.1730   11.9941   5.6000
beta_slot_raw[60]   -0.4584   0.4696  -0.9614    0.2826    4.1745    4.0323   5.6653
beta_slot_raw[61]   -0.0525   0.3006  -0.4393    0.4044    4.0525    4.0323  14.5222
beta_slot_raw[62]   -0.1570   0.5314  -0.7440    0.4728    4.2972    4.0323   4.1900
beta_slot_raw[63]    0.2098   0.4120  -0.2467    0.8194    4.0495    4.0323  15.7080
beta_slot_raw[64]    0.1828   0.7835  -0.9304    0.9911    4.0702    4.0323  10.9566
beta_slot_raw[65]    0.1190   0.4744  -0.5790    0.5802    4.2930   23.6440   4.2139
beta_slot_raw[66]    0.0185   0.5736  -0.7046    0.6638    4.3104   13.8890   4.0756
beta_slot_raw[67]    0.0294   0.5642  -0.5259    0.8806    4.1488   11.1139  16.0525
beta_slot_raw[68]    0.5225   0.4145  -0.1067    0.9138    4.2044    4.0323   5.2035
beta_slot_raw[69]    0.3652   0.4810  -0.4152    0.8814    4.0543    4.0323  14.5242
beta_slot_raw[70]    0.2348   0.3540  -0.1851    0.7522    4.0483    4.0323  16.2993
beta_slot_raw[71]   -0.2411   0.4767  -0.7394    0.5068    4.3181    4.0323   4.0461
beta_slot_raw[72]   -0.1158   0.3538  -0.5215    0.3520    4.0832    4.0323   9.4036
beta_slot_raw[73]   -0.6831   0.0961  -0.7552   -0.5178    4.0809    4.0323   9.6660
beta_slot_raw[74]   -0.0827   0.6153  -0.9962    0.5169    4.0762    4.0323  10.2800
beta_slot_raw[75]   -0.2529   0.6032  -0.7372    0.7694    4.1628    4.0323   6.0518
beta_slot_raw[76]   -0.1203   0.3960  -0.6727    0.4234    4.0866    4.0323   8.9068
beta_slot_raw[77]   -0.2181   0.5548  -0.8883    0.3646    4.0746    4.0323  10.0361
beta_slot_raw[78]    0.2529   0.1020   0.1350    0.3778    4.0463    4.0323  18.2584
beta_slot_raw[79]   -0.1340   0.5504  -0.9057    0.6016    4.2962   21.2517   4.4762
beta_slot_raw[80]    0.2996   0.3576  -0.1656    0.7278    4.0831    4.0323   9.5949
beta_slot_raw[81]    0.0290   0.5841  -0.8815    0.7274    4.2192   14.5276   5.0759
beta_slot_raw[82]    0.3164   0.5328  -0.5588    0.8834    4.0547    4.0323  13.9420
beta_slot_raw[83]   -0.0430   0.4292  -0.7316    0.3507    4.0445    4.0323  18.6331
beta_slot_raw[84]    0.0892   0.7345  -0.8752    0.8979    4.1830    4.0323  12.6269
beta_slot_raw[85]   -0.1272   0.5076  -0.6447    0.5065    4.0506    4.0323  15.4582
beta_slot_raw[86]   -0.0061   0.4530  -0.6361    0.5767    4.1727   18.1601   6.1935
beta_slot_raw[87]   -0.0869   0.4828  -0.6339    0.4680    4.1451    4.0323   6.1911
beta_slot_raw[88]    0.5801   0.4158   0.0532    0.9985    4.0782    4.0323   9.6896
beta_slot_raw[89]   -0.1040   0.5957  -0.7188    0.8815    4.0738    4.0323  10.1655
beta_slot_raw[90]   -0.2834   0.3052  -0.5691    0.2087    4.0629    4.0323  12.1473
beta_slot_raw[91]   -0.4299   0.6372  -0.9994    0.5668    4.0878    4.0323   9.4015
beta_slot_raw[92]   -0.4640   0.5086  -0.9845    0.2220    4.0703    4.0323  10.6869
beta_slot_raw[93]    0.1335   0.1851  -0.1803    0.2695    4.0809    4.0323   9.4618
beta_slot_raw[94]    0.1426   0.6868  -0.5830    0.8764    4.3426    4.0323   4.2049
beta_slot_raw[95]   -0.0630   0.7443  -0.9918    0.6872    4.1661   14.9482   6.0586
beta_slot_raw[96]    0.4227   0.4613  -0.1717    0.9621    4.0605    4.0323  12.2065
beta_slot_raw[97]    0.1694   0.6526  -0.5783    0.9506    4.2244    4.0323   5.2010
beta_slot_raw[98]    0.1284   0.2188  -0.0659    0.4998    4.2704    4.0323   4.4485
beta_slot_raw[99]   -0.2214   0.5087  -0.9612    0.3685    4.2363    4.0323  11.1171
beta_slot_raw[100]  -0.2857   0.1274  -0.5040   -0.1934    4.0683    4.0323  10.9522
beta_slot_raw[101]   0.1910   0.1553   0.0371    0.4477    4.3218   24.3066   9.9822
beta_slot_raw[102]   0.2043   0.2159  -0.1251    0.4673    4.3238   34.3899   4.2455
beta_slot_raw[103]   0.2321   0.3840  -0.1839    0.8201    4.2202    4.0323   4.8383
beta_slot_raw[104]  -0.0210   0.3893  -0.6579    0.3979    4.0856    4.0323  10.1508
beta_slot_raw[105]   0.2239   0.4344  -0.4561    0.6180    4.0769    4.0323  10.2769
beta_slot_raw[106]   0.1456   0.2862  -0.3480    0.3521    4.0669    4.0323  12.1789
beta_slot_raw[107]  -0.1520   0.5306  -0.8978    0.5278    4.2735    4.0323   9.0402
beta_slot_raw[108]  -0.0805   0.1800  -0.3123    0.1733    4.1746   15.8096  14.8126
beta_slot_raw[109]  -0.2429   0.6756  -0.9991    0.8493    4.3155    4.0323   4.0836
beta_slot_raw[110]  -0.3297   0.6442  -0.8333    0.7629    4.0596    4.0323  12.5767
beta_slot_raw[111]  -0.2552   0.4630  -0.7893    0.2310    4.2952    4.0323  10.1152
beta_slot_raw[112]  -0.0549   0.4789  -0.8830    0.2601    4.3015   23.5552   4.0622
beta_slot_raw[113]   0.5564   0.1815   0.2961    0.7971    4.0551    4.0323  13.6563
beta_slot_raw[114]   0.7158   0.0819   0.6090    0.8254    4.2487    4.0323   4.5859
beta_slot_raw[115]  -0.0575   0.7015  -0.9067    0.9170    4.1797    4.0323   5.5447
beta_slot_raw[116]   0.1135   0.2816  -0.2580    0.4833    4.0834    4.0323   9.4469
beta_slot_raw[117]  -0.2100   0.6497  -0.8664    0.8460    4.1713   11.5130  13.6475
beta_slot_raw[118]  -0.1733   0.4450  -0.7118    0.5090    4.1701   11.1123  13.4430
beta_slot_raw[119]   0.1312   0.3775  -0.2877    0.6086    4.0495    4.0323  16.1385
beta_slot_raw[120]  -0.3434   0.4217  -0.9985    0.0842    4.3163   25.6917   4.0184
beta_slot_raw[121]   0.0010   0.5104  -0.8725    0.4162    4.0822    4.0323  10.0091
beta_slot_raw[122]  -0.3719   0.2752  -0.7918   -0.0390    4.2391    4.0323  12.1624
beta_slot_raw[123]   0.2812   0.4409  -0.3223    0.9216    4.2427   15.2443  11.3537
beta_slot_raw[124]   0.0434   0.6724  -0.9745    0.8220    4.1848   12.8265   5.5480
beta_slot_raw[125]   0.1560   0.5215  -0.5780    0.8708    4.0547    4.0323  13.7247
beta_slot_raw[126]   0.4463   0.4471  -0.0524    0.9152    4.0754    4.0323   9.9403
beta_slot_raw[127]  -0.4974   0.1606  -0.7572   -0.3275    4.0460    4.0323  18.2809
beta_slot_raw[128]  -0.3884   0.4039  -0.8478    0.1831    4.3083   26.0233   9.4866
beta_slot_raw[129]   0.4126   0.4548  -0.3119    0.9408    4.0807    4.0323   9.5243
beta_slot_raw[130]  -0.2303   0.3962  -0.5789    0.4430    4.2454   19.2021  11.2347
beta_slot_raw[131]  -0.0915   0.5686  -0.9075    0.4553    4.0716    4.0323  10.7338
beta_slot_raw[132]   0.0651   0.4969  -0.4482    0.8221    4.3232   26.3256   8.8333
beta_slot_raw[133]  -0.1614   0.4580  -0.8356    0.4101    4.0627    4.0323  12.3472
beta_slot_raw[134]   0.0790   0.6496  -0.7489    0.9096    4.0827    4.0323   9.6204
beta_slot_raw[135]  -0.1610   0.2857  -0.4521    0.2402    4.1632    4.0323   5.9970
beta_slot_raw[136]   0.7064   0.2520   0.3118    0.9326    4.0566    4.0323  13.1231
beta_slot_raw[137]  -0.0880   0.4726  -0.5711    0.6552    4.0579    4.0323  12.8063
beta_slot_raw[138]   0.2435   0.3655  -0.1641    0.8061    4.2074   10.8902  11.2448
beta_slot_raw[139]   0.5424   0.2246   0.1892    0.7940    4.0772    4.0323  10.6580
beta_slot_raw[140]   0.0546   0.4397  -0.4837    0.7414    4.2791   12.5665   5.5469
beta_slot_raw[141]   0.3622   0.5861  -0.6281    0.8673    4.3246    4.0323   9.4009
beta_slot_raw[142]  -0.2431   0.4163  -0.9420    0.1475    4.2746    4.0323  10.4157
beta_slot_raw[143]  -0.0549   0.4874  -0.7675    0.5761    4.3157   55.3531   4.0646
beta_slot_raw[144]   0.1482   0.4064  -0.5155    0.4915    4.3469    4.0323   9.4788
beta_slot_raw[145]  -0.5540   0.4463  -0.9334    0.1964    4.2961   27.5921   9.4469
beta_slot_raw[146]   0.0922   0.6114  -0.7878    0.9110    4.0815    4.0323   9.6927
beta_slot_raw[147]   0.3847   0.5168  -0.1815    0.9214    4.0758    4.0323  10.1379
beta_slot_raw[148]   0.1055   0.5366  -0.7628    0.6786    4.0591    4.0323  12.8368
beta_slot_raw[149]  -0.3556   0.4153  -0.8080    0.2934    4.0616    4.0323  12.3739
beta_slot_raw[150]   0.3160   0.4022  -0.3039    0.8139    4.1562    4.0323  16.1835
beta_slot_raw[151]  -0.0031   0.4771  -0.5359    0.7035    4.0531    4.0323  15.1859
beta_slot_raw[152]   0.1077   0.2806  -0.3678    0.3256    4.3221   29.8994   4.1403
beta_slot_raw[153]  -0.1429   0.4297  -0.7733    0.2909    4.3333   42.6607   4.0104
beta_slot_raw[154]  -0.1531   0.4860  -0.8618    0.4004    4.3009    4.0323   8.5616
beta_slot_raw[155]   0.0774   0.5620  -0.7581    0.8169    4.0672    4.0323  11.1301
beta_slot_raw[156]  -0.1345   0.3459  -0.4204    0.4550    4.3380   37.6894   8.5154
beta_slot_raw[157]   0.0702   0.5105  -0.6827    0.7561    4.1756   12.3031   5.6495
beta_slot_raw[158]  -0.4997   0.3751  -0.8903    0.1160    4.0475    4.0323  16.5958
beta_slot_raw[159]  -0.1690   0.3138  -0.5162    0.2119    4.3296    4.0323   4.0425
beta_slot_raw[160]   0.4408   0.4837  -0.1130    0.9312    4.3225    4.0323   8.5603
beta_slot_raw[161]  -0.1904   0.5763  -0.9255    0.6258    4.1477    4.0323   6.1885
beta_slot_raw[162]  -0.4902   0.3809  -0.9297   -0.0462    4.0541    4.0323  15.2638
beta_slot_raw[163]   0.1099   0.4942  -0.2716    0.9553    4.0837    4.0323   9.4093
beta_slot_raw[164]  -0.2272   0.7268  -0.9716    0.9424    4.0574    4.0323  12.9365
beta_slot_raw[165]  -0.1237   0.5927  -0.7829    0.6624    4.2886   16.6485   9.4048
beta_slot_raw[166]   0.2389   0.2708  -0.0028    0.6892    4.2422   12.8498  11.2429
beta_slot_raw[167]   0.5080   0.4719  -0.3085    0.8041    4.0673    4.0323  11.2391
beta_slot_raw[168]   0.1084   0.5471  -0.4293    0.9227    4.0749    4.0323  10.1033
beta_slot_raw[169]  -0.1593   0.5009  -0.8913    0.4751    4.2344    4.0323   9.9861
beta_slot_raw[170]   0.0980   0.6513  -0.9226    0.8860    4.3129   25.7277   3.9978
beta_slot_raw[171]  -0.1619   0.6653  -0.8739    0.6528    4.3113    4.0323   4.0610
beta_slot_raw[172]  -0.4198   0.5607  -0.8735    0.5400    4.1641   11.5358  14.6352
beta_slot_raw[173]  -0.1552   0.5180  -0.6754    0.3898    4.1459   12.8597  16.6929
beta_slot_raw[174]   0.7045   0.1861   0.5268    0.9860    4.0454    4.0323  18.4101
beta_slot_raw[175]  -0.0386   0.4968  -0.7330    0.4945    4.0767    4.0323   9.8605
beta_slot_raw[176]   0.0526   0.6868  -0.8408    0.7878    4.2048    4.0323  11.5164
beta_slot_raw[177]  -0.3101   0.3934  -0.7682    0.0885    4.0721    4.0323  10.3399
beta_slot_raw[178]  -0.3367   0.4357  -0.7894    0.1778    4.0711    4.0323  10.5132
beta_slot_raw[179]   0.4190   0.5560  -0.3309    0.9763    4.0781    4.0323   9.6610
beta_slot_raw[180]  -0.0543   0.5491  -0.7212    0.7897    4.0649    4.0323  11.4087
beta_slot_raw[181]   0.0622   0.7715  -0.7520    0.8362    4.2511   15.2490   4.8295
beta_slot_raw[182]   0.1035   0.7009  -0.9155    0.7759    4.2557    4.0323  10.8523
beta_slot_raw[183]   0.0852   0.6247  -0.7666    0.7860    4.1828    4.0323  14.5114
beta_slot_raw[184]   0.2086   0.4298  -0.2123    0.7873    4.0843    4.0323   9.4659
beta_slot_raw[185]  -0.4327   0.3761  -0.9938    0.0379    4.2096   14.6355   5.1244