NCP Model -- Fold 2
Changes: NCP all levels, alpha_sigma=0.5x, tune=2000, accept=0.95
R-hat max: 18.6634  gate<1.05 -> FAIL
ESS min:   4   gate>400 -> FAIL
Convergence: FAIL

                       mean       sd   hdi_3%   hdi_97%  ess_bulk   ess_tail    r_hat
alpha              -39.0892   0.3229 -39.5458  -38.7118    4.3214     4.0323   9.4550
sigma_sym           43.5231  20.2805  22.7718   74.3451    4.1607    12.2580  16.6725
sigma_day           58.1686  22.6441  25.9058   85.6498    4.0458     4.0323  17.8487
sigma_bkt           69.9970  29.6602  36.6793  104.7468    4.0453     4.0323  18.6315
sigma_slot          38.2473  26.3133  11.9889   72.5239    4.1790     4.0323   6.0287
beta_sym_raw[0]      0.1072   0.5205  -0.3867    0.9473    4.3144     4.0323   4.0047
beta_sym_raw[1]     -0.0760   0.8448  -0.9724    0.8117    4.1771     4.0323  15.3819
beta_sym_raw[2]     -0.5557   0.1832  -0.6657   -0.2385    4.0745     4.0323   9.9978
beta_sym_raw[3]      0.3034   0.7297  -0.9331    0.8396    4.0556     4.0323  13.5556
beta_day_raw[0]      0.3117   0.5425  -0.5108    0.8719    4.1985    15.2759   5.2066
beta_day_raw[1]     -0.4599   0.6129  -1.4396    0.2452    4.2603    20.7280   4.7193
beta_day_raw[2]      0.6071   0.3965  -0.0599    0.9634    4.1661    13.5439   5.9049
beta_day_raw[3]     -0.0544   0.7970  -0.9795    0.7815    4.0484     4.0323  16.5831
beta_day_raw[4]      0.0731   0.7100  -0.9751    0.7358    4.1547    13.1240   6.2111
beta_day_raw[5]      0.0266   0.6693  -0.8636    0.9136    4.1567     4.0323  15.6945
beta_bkt_raw[0]      0.0395   0.3619  -0.5053    0.4208    4.2092    11.5050   5.0752
beta_bkt_raw[1]     -0.1756   0.3097  -0.5224    0.1611    4.0490     4.0323  16.0999
beta_bkt_raw[2]      0.2965   0.3250  -0.0452    0.8111    4.2884     4.0323   4.2042
beta_bkt_raw[3]      0.0247   0.4962  -0.6149    0.7700    4.0521     4.0323  14.8428
beta_bkt_raw[4]      0.0273   0.5932  -0.7806    0.7459    4.1758    11.6505   5.6370
beta_bkt_raw[5]     -0.4729   0.4002  -0.8177    0.1992    4.3140    13.6505   8.5141
beta_bkt_raw[6]     -0.0941   0.5968  -0.8328    0.8316    4.3573    36.3002   9.4937
beta_bkt_raw[7]      0.0705   0.4941  -0.5500    0.6252    4.0760     4.0323  10.0854
beta_bkt_raw[8]      0.0437   0.3484  -0.2846    0.6116    4.1634    11.9605  15.4157
beta_bkt_raw[9]     -0.2753   0.6747  -0.8875    0.7984    4.0490     4.0323  17.1431
beta_bkt_raw[10]     0.4025   0.4245  -0.3325    0.6612    4.3265     4.0323   9.4543
beta_bkt_raw[11]     0.1719   0.5047  -0.6852    0.5509    4.3257     4.0323   8.5262
beta_bkt_raw[12]    -0.3563   0.5278  -0.8694    0.4295    4.0839     4.0323  10.0545
beta_bkt_raw[13]    -0.0404   0.5568  -0.5765    0.7184    4.0453     4.0323  18.6582
beta_bkt_raw[14]     0.1040   0.2962  -0.3748    0.3699    4.2660    20.3959   4.5353
beta_bkt_raw[15]     0.0328   0.2467  -0.2716    0.4043    4.0730     4.0323  10.2348
beta_bkt_raw[16]    -0.1626   0.5143  -0.9818    0.4085    4.0755     4.0323  10.1832
beta_bkt_raw[17]     0.1074   0.6833  -0.6617    0.8410    4.0448     4.0323  18.6058
beta_bkt_raw[18]     0.0026   0.6324  -0.9867    0.7669    4.0577     4.0323  12.8367
beta_bkt_raw[19]     0.7362   0.2175   0.3987    0.9863    4.0455     4.0323  18.6539
beta_bkt_raw[20]    -0.2921   0.1478  -0.4868   -0.1414    4.0782     4.0323   9.9261
beta_bkt_raw[21]     0.0883   0.5887  -0.7533    0.8000    4.0472     4.0323  16.9630
beta_bkt_raw[22]    -0.2680   0.6499  -0.9984    0.7034    4.1764     4.0323   5.4671
beta_bkt_raw[23]     0.3431   0.6690  -0.7551    0.9217    4.0786     4.0323   9.7667
beta_bkt_raw[24]     0.5580   0.5065  -0.2724    0.9821    4.3363    27.6063   3.9880
beta_bkt_raw[25]    -0.5242   0.3329  -0.9040   -0.0005    4.1228     4.0323   7.0809
beta_bkt_raw[26]    -0.2484   0.2179  -0.5290   -0.0011    4.1669     4.0323  14.4879
beta_bkt_raw[27]     0.1414   0.5044  -0.3285    0.9847    4.3722     4.0323   3.9855
beta_bkt_raw[28]     0.1780   0.4003  -0.2587    0.8300    4.0635     4.0323  12.0820
beta_bkt_raw[29]     0.0230   0.1361  -0.0961    0.2535    4.0781     4.0323   9.6031
beta_bkt_raw[30]    -0.1130   0.4685  -0.8111    0.4122    4.2081    17.6554   5.0458
beta_bkt_raw[31]     0.2584   0.6526  -0.6613    0.9807    4.0801     4.0323   9.6115
beta_bkt_raw[32]     0.1923   0.3762  -0.1889    0.6354    4.0670     4.0323  11.0165
beta_bkt_raw[33]    -0.7833   0.5526  -1.6376   -0.0990    4.2398    11.7563   4.6005
beta_bkt_raw[34]     0.2806   0.4704  -0.3057    0.8660    4.3003     4.0323   8.6431
beta_bkt_raw[35]     0.1469   0.6086  -0.5819    0.8088    4.0447     4.0323  18.5924
beta_bkt_raw[36]     0.2699   0.3862  -0.1541    0.7641    4.1522    12.8260  16.5786
beta_bkt_raw[37]     0.4463   0.8242  -0.4717    1.6440    4.3123     4.0323   4.0902
beta_bkt_raw[38]     0.1949   0.6057  -0.5353    0.9916    4.2038    18.4977  12.9268
beta_bkt_raw[39]    -0.1408   0.6847  -0.8752    0.6129    4.1455     4.0323   6.1250
beta_bkt_raw[40]    -0.2487   0.5705  -0.8749    0.5383    4.3108     4.0323   4.0080
beta_bkt_raw[41]    -0.2413   0.3018  -0.6331    0.0770    4.0611     4.0323  12.3565
beta_bkt_raw[42]    -0.1145   0.5492  -0.9783    0.5080    4.2847    13.3779   4.2660
beta_bkt_raw[43]     0.3494   0.5380  -0.4964    0.9475    4.3073    24.1359   4.1517
beta_bkt_raw[44]    -0.0514   0.2228  -0.4217    0.1566    4.1851     4.0323  13.3063
beta_bkt_raw[45]     0.4727   0.3235  -0.0157    0.8036    4.0603     4.0323  12.4674
beta_bkt_raw[46]    -0.3066   0.3756  -0.6879    0.3104    4.0647     4.0323  11.8207
beta_bkt_raw[47]     0.4758   0.3551   0.1224    0.9959    4.1707     4.0323   6.0200
beta_slot_raw[0]    -0.1282   0.5957  -0.8374    0.4795    4.0779     4.0323   9.8355
beta_slot_raw[1]     0.3400   0.4112  -0.1340    0.7542    4.0725     4.0323  10.3611
beta_slot_raw[2]    -0.0395   0.5732  -0.9689    0.4806    4.0813     4.0323   9.4238
beta_slot_raw[3]    -0.1941   0.5252  -0.9028    0.5523    4.2756    22.2504  10.3771
beta_slot_raw[4]    -0.3298   0.5194  -0.8280    0.4986    4.1586    15.1816  18.4514
beta_slot_raw[5]    -0.2559   0.7103  -0.9015    0.9439    4.2117    11.7719  12.6796
beta_slot_raw[6]    -0.5844   0.3913  -0.8495    0.0911    4.0633     4.0323  11.6634
beta_slot_raw[7]    -0.1464   0.4950  -0.8359    0.5121    4.2771     4.0323   9.3559
beta_slot_raw[8]    -0.1879   0.6844  -0.8633    0.9301    4.0666     4.0323  11.2976
beta_slot_raw[9]    -0.1069   0.7257  -0.9763    0.8293    4.0820     4.0323   9.4685
beta_slot_raw[10]    0.0160   0.5209  -0.6394    0.6444    4.1438     4.0323  16.8193
beta_slot_raw[11]    0.0759   0.3821  -0.5489    0.4562    4.3037     4.0323   9.7137
beta_slot_raw[12]   -0.1055   0.3018  -0.5963    0.1512    4.0801     4.0323   9.6386
beta_slot_raw[13]    0.1735   0.5257  -0.3505    0.9743    4.2449    15.3115   9.7838
beta_slot_raw[14]   -0.0440   0.2064  -0.2403    0.2935    4.3477     4.0323   4.1936
beta_slot_raw[15]    0.4885   0.2774   0.0675    0.8468    4.2371    16.3801   4.7904
beta_slot_raw[16]   -0.4566   0.3823  -0.7727    0.1945    4.2105    17.4248  12.8166
beta_slot_raw[17]    0.1974   0.6059  -0.8384    0.6968    4.0491     4.0323  16.3088
beta_slot_raw[18]   -0.5061   0.3981  -0.9831    0.1137    4.2483     4.0323   4.5339
beta_slot_raw[19]   -0.3192   0.1236  -0.5306   -0.2176    4.2950     4.0323   9.7425
beta_slot_raw[20]   -0.1524   0.6227  -0.8512    0.7177    4.1508     4.0323   5.9945
beta_slot_raw[21]    0.2831   0.5027  -0.3477    0.9192    4.2977    39.7640   8.9633
beta_slot_raw[22]   -0.1778   0.4894  -0.8059    0.3910    4.0487     4.0323  16.0184
beta_slot_raw[23]    0.0859   0.5663  -0.6452    0.9440    4.0813     4.0323   9.4122
beta_slot_raw[24]   -0.0748   0.3687  -0.6856    0.2196    4.0642     4.0323  11.7102
beta_slot_raw[25]    0.2098   0.5883  -0.7296    0.8663    4.0810     4.0323   9.4170
beta_slot_raw[26]   -0.0897   0.6196  -0.7815    0.8645    4.1523     4.0323   5.9655
beta_slot_raw[27]   -0.1236   0.6703  -0.7471    0.8740    4.3060     4.0323   4.0909
beta_slot_raw[28]   -0.3075   0.3271  -0.6058    0.2456    4.0517  4000.0000  15.0608
beta_slot_raw[29]    0.1180   0.3012  -0.3436    0.3991    4.0448     4.0323  18.6634
beta_slot_raw[30]   -0.1049   0.2877  -0.3591    0.3508    4.1543    14.6771  16.8366
beta_slot_raw[31]    0.5558   0.1969   0.2507    0.7719    4.3115    35.6463   4.3931
beta_slot_raw[32]   -0.0835   0.3287  -0.6491    0.1395    4.0779     4.0323   9.8109
beta_slot_raw[33]    0.0867   0.6040  -0.6188    0.9900    4.2548    14.8840   9.9327
beta_slot_raw[34]    0.0993   0.1866  -0.1080    0.3941    4.0462     4.0323  18.4155
beta_slot_raw[35]    0.2361   0.4895  -0.4731    0.7021    4.0818     4.0323   9.4817
beta_slot_raw[36]    0.3879   0.4398  -0.3398    0.7725    4.2081     4.0323  13.1720
beta_slot_raw[37]   -0.2518   0.5568  -0.8920    0.3745    4.0781     4.0323   9.8949
beta_slot_raw[38]   -0.0199   0.5940  -0.6241    0.7856    4.0742     4.0323  10.1844
beta_slot_raw[39]    0.1085   0.0912   0.0044    0.2114    4.0530     4.0323  14.3402
beta_slot_raw[40]    0.2862   0.3781  -0.3352    0.6512    4.0766     4.0323   9.8639
beta_slot_raw[41]   -0.0708   0.2324  -0.3404    0.1982    4.3106    26.2560   4.1019
beta_slot_raw[42]    0.0559   0.6365  -0.9002    0.6350    4.0791     4.0323   9.5333
beta_slot_raw[43]   -0.1222   0.3764  -0.6502    0.3945    4.0793     4.0323  10.0140
beta_slot_raw[44]    0.0827   0.1238  -0.1295    0.1819    4.0749     4.0323  10.0718
beta_slot_raw[45]    0.1783   0.5587  -0.7641    0.6656    4.0823     4.0323   9.4601
beta_slot_raw[46]    0.3076   0.3294   0.0529    0.8707    4.0820     4.0323   9.4039
beta_slot_raw[47]   -0.3397   0.2756  -0.7150    0.0218    4.0451     4.0323  18.3688
beta_slot_raw[48]   -0.2115   0.5007  -0.9658    0.3435    4.0515     4.0323  14.8228
beta_slot_raw[49]    0.0406   0.7604  -0.7262    0.8474    4.2977    44.1132   9.2284
beta_slot_raw[50]   -0.0149   0.8543  -0.8946    0.9401    4.0463     4.0323  17.2909
beta_slot_raw[51]   -0.2612   0.7409  -0.9659    0.8810    4.0511     4.0323  15.2142
beta_slot_raw[52]   -0.1121   0.5481  -0.5932    0.7453    4.0804     4.0323   9.4274
beta_slot_raw[53]    0.3571   0.2116   0.0374    0.6198    4.0840     4.0323   9.4147
beta_slot_raw[54]    0.0470   0.3810  -0.3054    0.6650    4.3458    75.6276   8.5352
beta_slot_raw[55]    0.1256   0.5096  -0.6507    0.7364    4.0454     4.0323  18.4760
beta_slot_raw[56]   -0.1644   0.4805  -0.8078    0.3863    4.0805     4.0323   9.6007
beta_slot_raw[57]    0.3915   0.3210  -0.1027    0.6964    4.3350    40.8818   4.0426
beta_slot_raw[58]    0.2061   0.4436  -0.5165    0.6694    4.0767     4.0323   9.8434
beta_slot_raw[59]    0.0498   0.6026  -0.8633    0.7616    4.0813     4.0323   9.6048
beta_slot_raw[60]    0.0941   0.7067  -0.6686    0.9588    4.0814     4.0323   9.5894
beta_slot_raw[61]   -0.3598   0.5668  -0.9972    0.5565    4.2818    36.8797   9.7217
beta_slot_raw[62]    0.2481   0.6940  -0.9233    0.8594    4.0515     4.0323  14.7133
beta_slot_raw[63]    0.1389   0.5389  -0.4978    0.9870    4.0748     4.0323  10.0518
beta_slot_raw[64]   -0.3039   0.4799  -0.8545    0.2553    4.2693     4.0323   4.3264
beta_slot_raw[65]   -0.0162   0.5806  -0.4845    0.9558    4.2395     4.0323   4.7224
beta_slot_raw[66]    0.6934   0.1652   0.4323    0.8592    4.1849    17.9608   5.7397
beta_slot_raw[67]   -0.3347   0.2145  -0.6884   -0.1310    4.0482     4.0323  16.1873
beta_slot_raw[68]    0.3030   0.3882  -0.2902    0.7394    4.2785    19.8595   4.3113
beta_slot_raw[69]    0.2911   0.3474  -0.2367    0.7240    4.1957    11.0612   5.2118
beta_slot_raw[70]   -0.6089   0.2142  -0.9741   -0.4461    4.0625     4.0323  12.3097
beta_slot_raw[71]    0.1203   0.6504  -0.8019    0.9330    4.0444     4.0323  18.6591
beta_slot_raw[72]    0.1671   0.6771  -0.9814    0.6872    4.1632    11.2930   5.7913
beta_slot_raw[73]    0.3030   0.2967  -0.1110    0.6890    4.0586     4.0323  12.5883
beta_slot_raw[74]   -0.3624   0.4008  -0.7701    0.1911    4.2244    19.0666  11.5032
beta_slot_raw[75]   -0.0319   0.6223  -0.6623    0.7076    4.0681  4000.0000  10.9659
beta_slot_raw[76]   -0.6337   0.3649  -0.9527   -0.0274    4.0795     4.0323   9.4492
beta_slot_raw[77]    0.0635   0.4007  -0.3155    0.6418    4.0633     4.0323  11.9557
beta_slot_raw[78]    0.5812   0.2272   0.2759    0.8824    4.2086     4.0323  12.6774
beta_slot_raw[79]   -0.5307   0.6086  -0.9459    0.5175    4.2847     4.0323   4.4162
beta_slot_raw[80]    0.2587   0.6272  -0.4591    0.9873    4.3087     4.0323   4.0581
beta_slot_raw[81]   -0.0245   0.5275  -0.5737    0.5694    4.2525     4.0323   4.5636
beta_slot_raw[82]   -0.0190   0.4536  -0.7050    0.4692    4.0628     4.0323  11.7669
beta_slot_raw[83]    0.4663   0.2543   0.1357    0.8510    4.2017     4.0323   5.1008
beta_slot_raw[84]    0.2254   0.4095  -0.4713    0.5236    4.3273     4.0323   8.5487
beta_slot_raw[85]   -0.1751   0.3847  -0.5906    0.4423    4.1676    13.6623  16.2470
beta_slot_raw[86]   -0.1378   0.3733  -0.4403    0.4996    4.0792     4.0323   9.7000
beta_slot_raw[87]   -0.6204   0.5942  -0.9898    0.4082    4.0807     4.0323   9.8930
beta_slot_raw[88]    0.0667   0.6544  -0.8827    0.9665    4.0577     4.0323  13.2876
beta_slot_raw[89]   -0.2036   0.4326  -0.6593    0.2406    4.0508     4.0323  15.1066
beta_slot_raw[90]    0.0345   0.5655  -0.9304    0.5025    4.0801     4.0323   9.5973
beta_slot_raw[91]    0.3947   0.5276  -0.3758    0.9141    4.0692     4.0323  10.8561
beta_slot_raw[92]   -0.2730   0.5033  -0.9444    0.4268    4.2464     4.0323   4.5117
beta_slot_raw[93]   -0.2607   0.4564  -0.8627    0.2909    4.3368     4.0323   9.8273
beta_slot_raw[94]   -0.1242   0.4471  -0.8533    0.2673    4.3153    23.7172   3.9859
beta_slot_raw[95]    0.0217   0.7219  -0.9994    0.7568    4.0608     4.0323  12.2775
beta_slot_raw[96]    0.1294   0.5597  -0.7847    0.7150    4.0779     4.0323  10.3882
beta_slot_raw[97]   -0.0627   0.7068  -0.8827    0.9858    4.2633    13.5255   9.6014
beta_slot_raw[98]   -0.5860   0.1827  -0.7094   -0.2709    4.3144     4.0323   4.0340
beta_slot_raw[99]   -0.0543   0.6811  -0.7247    0.8140    4.0485     4.0323  17.2562
beta_slot_raw[100]   0.1241   0.4827  -0.3583    0.9270    4.2554    16.2953   4.5721
beta_slot_raw[101]   0.2809   0.5707  -0.5848    0.9394    4.0458     4.0323  18.0883
beta_slot_raw[102]   0.3344   0.6685  -0.7824    0.9256    4.0633     4.0323  11.8968
beta_slot_raw[103]   0.2907   0.2890  -0.0833    0.7255    4.2441    19.4154  10.6054
beta_slot_raw[104]   0.0744   0.5197  -0.5039    0.8307    4.1434    11.2830  16.8908
beta_slot_raw[105]   0.6178   0.3141   0.1753    0.9501    4.0674     4.0323  11.0381
beta_slot_raw[106]   0.1948   0.5988  -0.6998    0.8133    4.2488     4.0323  10.7474
beta_slot_raw[107]  -0.2584   0.5492  -0.9850    0.4469    4.0447     4.0323  18.2345
beta_slot_raw[108]  -0.0502   0.2709  -0.4906    0.2483    4.2311    11.9956   4.7866
beta_slot_raw[109]  -0.1984   0.4786  -0.7307    0.4362    4.0792     4.0323   9.6294
beta_slot_raw[110]  -0.0823   0.4420  -0.8012    0.3511    4.0867     4.0323   9.4025
beta_slot_raw[111]  -0.1553   0.2415  -0.5631    0.0637    4.0668     4.0323  11.1369
beta_slot_raw[112]   0.4292   0.2210   0.1019    0.6782    4.0458     4.0323  17.7597
beta_slot_raw[113]  -0.0461   0.5438  -0.7266    0.6772    4.2350    11.4684  10.0686
beta_slot_raw[114]   0.3499   0.1771   0.1103    0.5899    4.0826     4.0323   9.4009
beta_slot_raw[115]   0.0023   0.3292  -0.4600    0.4625    4.2496     4.0323  10.7479
beta_slot_raw[116]  -0.1132   0.3157  -0.5286    0.2086    4.1702     4.0323  15.1817
beta_slot_raw[117]   0.6374   0.2308   0.3670    0.9073    4.0839     4.0323   9.6176
beta_slot_raw[118]  -0.4905   0.3836  -0.9561    0.0475    4.3083    25.3813   9.5558
beta_slot_raw[119]  -0.1167   0.4583  -0.7806    0.3681    4.0471     4.0323  16.7044
beta_slot_raw[120]   0.0724   0.6517  -0.8941    0.9221    4.2809    14.5686   4.4528
beta_slot_raw[121]  -0.0207   0.9039  -0.9604    0.9099    4.0772     4.0323   9.9236
beta_slot_raw[122]  -0.0192   0.4575  -0.5013    0.5155    4.2034    16.9434  12.6731
beta_slot_raw[123]   0.2358   0.3452  -0.1249    0.7712    4.2458    16.0165   7.1353
beta_slot_raw[124]   0.4317   0.4794  -0.3742    0.8408    4.1507    12.3896   6.1330
beta_slot_raw[125]   0.3364   0.5020  -0.5026    0.7962    4.0448     4.0323  18.3536
beta_slot_raw[126]  -0.2195   0.3262  -0.7430    0.1358    4.0557     4.0323  13.9713
beta_slot_raw[127]  -0.8448   0.7744  -1.9244    0.1503    4.1432    11.3606   6.2033
beta_slot_raw[128]   0.2002   0.4268  -0.4801    0.5664    4.3115    34.6575   4.0681
beta_slot_raw[129]  -0.4140   0.3091  -0.7990   -0.0887    4.2231     4.0323  12.1746
beta_slot_raw[130]  -0.2370   0.6133  -0.9446    0.3797    4.0584     4.0323  12.8300
beta_slot_raw[131]   0.0557   0.4074  -0.4533    0.6456    4.0529     4.0323  14.5700
beta_slot_raw[132]  -0.0667   0.6545  -0.8866    0.8391    4.0490     4.0323  16.2069
beta_slot_raw[133]  -0.1257   0.4050  -0.8085    0.1877    4.0457     4.0323  18.6105
beta_slot_raw[134]  -0.1864   0.6470  -0.8226    0.7374    4.0565     4.0323  13.3234
beta_slot_raw[135]   0.2333   0.0780   0.1399    0.3110    4.0810     4.0323   9.4859
beta_slot_raw[136]   0.2990   0.6280  -0.7436    0.9369    4.0740     4.0323  10.5807
beta_slot_raw[137]  -0.1510   0.4357  -0.8265    0.3900    4.0528     4.0323  14.4484
beta_slot_raw[138]  -0.0537   0.2989  -0.5049    0.2943    4.0609     4.0323  12.8315
beta_slot_raw[139]  -0.2483   0.6996  -0.8302    0.9179    4.0801     4.0323   9.4415
beta_slot_raw[140]  -0.5097   0.2383  -0.7757   -0.1236    4.1664    14.6566  15.3434
beta_slot_raw[141]   0.3769   0.3843  -0.2435    0.8101    4.0462     4.0323  17.9573
beta_slot_raw[142]   0.1766   0.5051  -0.5876    0.8328    4.2589     4.0323   4.4111
beta_slot_raw[143]   0.1893   0.6661  -0.8955    0.8757    4.0697     4.0323  10.7057
beta_slot_raw[144]   0.1500   0.4796  -0.3066    0.9422    4.3639     4.0323   3.9855
beta_slot_raw[145]   0.4677   0.4212  -0.1774    0.9987    4.0731     4.0323  10.1814
beta_slot_raw[146]   0.0385   0.6153  -0.8047    0.9338    4.3309    24.4155   9.4057
beta_slot_raw[147]  -0.5118   0.1912  -0.6896   -0.1914    4.2720     4.0323   4.3188
beta_slot_raw[148]  -0.2603   0.6134  -0.8989    0.7355    4.1772     4.0323   5.5606
beta_slot_raw[149]   0.4853   0.2948   0.1881    0.7814    4.0670     4.0323  11.1081
beta_slot_raw[150]  -0.3582   0.3744  -0.8246    0.1952    4.0684     4.0323  10.9556
beta_slot_raw[151]   0.0774   0.7132  -0.7895    0.9076    4.0808     4.0323   9.6171
beta_slot_raw[152]   0.3229   0.1385   0.1207    0.4811    4.0484     4.0323  16.7857
beta_slot_raw[153]  -0.1368   0.6733  -0.9745    0.8471    4.0448     4.0323  18.6539
beta_slot_raw[154]  -0.0878   0.6521  -0.9845    0.8579    4.0662     4.0323  11.4799
beta_slot_raw[155]   0.0455   0.0415   0.0178    0.1173    4.0618     4.0323  12.1123
beta_slot_raw[156]   0.1678   0.5120  -0.3760    0.9762    4.2049    11.3120  11.1226
beta_slot_raw[157]   0.4476   0.6626  -0.6862    0.9598    4.2001     4.0323  14.3619
beta_slot_raw[158]   0.0579   0.6312  -0.6927    0.9467    4.0720     4.0323  10.3811
beta_slot_raw[159]  -0.0791   0.6463  -0.8586    0.9110    4.0767     4.0323  10.4988
beta_slot_raw[160]  -0.2705   0.4902  -0.8594    0.2146    4.1546     4.0323  18.2452
beta_slot_raw[161]  -0.3569   0.4854  -0.9716    0.2834    4.2882    25.5891  10.2040
beta_slot_raw[162]  -0.2075   0.4913  -0.8012    0.5598    4.0616     4.0323  12.8633
beta_slot_raw[163]   0.0519   0.6131  -0.5916    0.7633    4.0635     4.0323  11.6110
beta_slot_raw[164]  -0.6910   0.1540  -0.8279   -0.4328    4.0749     4.0323  10.2859
beta_slot_raw[165]   0.5215   0.2602   0.1912    0.9037    4.2859     4.0323   4.1719
beta_slot_raw[166]  -0.0158   0.5574  -0.7074    0.8486    4.0763     4.0323   9.9487
beta_slot_raw[167]  -0.3581   0.4684  -0.8822    0.3024    4.3364     4.0323   3.9883
beta_slot_raw[168]   0.0993   0.6064  -0.7483    0.9622    4.1655     4.0323   5.7185
beta_slot_raw[169]   0.2581   0.6922  -0.8564    0.8506    4.3124     4.0323   9.4132
beta_slot_raw[170]  -0.2003   0.3715  -0.7629    0.2390    4.0482     4.0323  16.3628
beta_slot_raw[171]  -0.3691   0.2702  -0.6812    0.0584    4.0678     4.0323  10.8566
beta_slot_raw[172]  -0.1059   0.6795  -0.7977    0.7393    4.0587     4.0323  13.2144
beta_slot_raw[173]  -0.0937   0.4364  -0.4226    0.6456    4.3145     4.0323   4.0348
beta_slot_raw[174]  -0.4301   0.3842  -0.9431    0.0755    4.1600     4.0323  16.9446
beta_slot_raw[175]   0.0349   0.6075  -0.7531    0.9085    4.3231     4.0323   3.9855
beta_slot_raw[176]   0.1720   0.4871  -0.6260    0.6326    4.0517     4.0323  14.8559
beta_slot_raw[177]  -0.0905   0.2065  -0.2975    0.2128    4.0535     4.0323  14.2960
beta_slot_raw[178]   0.1508   0.7144  -0.5646    0.9589    4.0791     4.0323   9.5030
beta_slot_raw[179]   0.4446   0.7414  -0.8375    0.9135    4.0614     4.0323  12.3807
beta_slot_raw[180]   0.1180   0.4934  -0.5872    0.8039    4.0517     4.0323  14.5638
beta_slot_raw[181]  -0.2294   0.1790  -0.4835   -0.0165    4.1639     4.0323  16.3321
beta_slot_raw[182]  -0.2226   0.1396  -0.3880   -0.0115    4.1976    13.6247  13.2720
beta_slot_raw[183]   0.1932   0.5563  -0.3404    0.9906    4.0476     4.0323  16.8488