NCP Model -- Fold 5
Changes: NCP all levels, alpha_sigma=0.5x, tune=2000, accept=0.95
R-hat max: 1.0178  gate<1.05 -> PASS
ESS min:   314   gate>400 -> FAIL
Convergence: FAIL

                       mean       sd   hdi_3%   hdi_97%   ess_bulk   ess_tail   r_hat
alpha              -37.3589  24.4199 -83.6512   11.0064  1658.2600  1537.8477  1.0011
sigma_sym           50.0406  28.0038  14.5817  104.3615  1338.4588  2032.2835  1.0026
sigma_day            6.7128   3.5688   2.0878   12.6143  1581.6064  2168.8136  1.0004
sigma_bkt            4.6882   3.2188   0.0021   10.2494   314.0027   599.9170  1.0178
sigma_slot          28.5216   2.4263  24.1367   33.2190  1241.4904  1930.5596  1.0011
beta_sym_raw[0]      0.2275   0.4927  -0.7345    1.1282  1724.1460  1877.6118  1.0020
beta_sym_raw[1]      0.3431   0.4967  -0.5539    1.2967  1848.4626  1880.0398  1.0019
beta_sym_raw[2]     -1.1297   0.7192  -2.4183    0.2269  1613.0464  1603.6336  1.0023
beta_sym_raw[3]      0.6828   0.5535  -0.3834    1.7054  1798.7074  1929.2793  1.0033
beta_day_raw[0]      0.5011   0.4865  -0.4139    1.3899  2104.0824  2882.7043  1.0000
beta_day_raw[1]     -1.0518   0.6327  -2.2593    0.0908  1971.3531  2665.5849  0.9999
beta_day_raw[2]      1.0357   0.5722  -0.0557    2.0796  1820.8696  2467.6720  1.0015
beta_day_raw[3]      0.4448   0.4727  -0.3943    1.3701  2070.8601  2493.4200  1.0005
beta_day_raw[4]     -0.2609   0.4879  -1.1994    0.6266  2235.1775  2555.8730  1.0002
beta_day_raw[5]     -0.5958   0.7197  -1.9841    0.7121  4513.1082  3247.6394  1.0002
beta_bkt_raw[0]      0.3344   0.9610  -1.4182    2.1700  3499.6975  2953.3701  1.0009
beta_bkt_raw[1]      0.0815   0.9500  -1.6788    1.9118  5049.0266  2580.7355  1.0004
beta_bkt_raw[2]      0.1209   0.9628  -1.6842    1.8699  5300.1194  3118.5028  1.0009
beta_bkt_raw[3]      0.0245   0.9566  -1.8235    1.8184  5549.4749  3180.4072  1.0005
beta_bkt_raw[4]      0.1653   0.9307  -1.6578    1.7967  4322.0896  3130.5341  1.0008
beta_bkt_raw[5]      0.0527   0.9566  -1.7603    1.8198  4981.8610  2946.8724  1.0004
beta_bkt_raw[6]      0.1291   0.9531  -1.6637    1.9084  4569.1478  3138.6465  1.0001
beta_bkt_raw[7]      0.0698   0.9434  -1.7320    1.8141  4233.9709  3110.0084  0.9998
beta_bkt_raw[8]      0.1548   0.9520  -1.5955    1.9409  4227.8893  2859.6640  1.0010
beta_bkt_raw[9]     -0.1584   0.9316  -1.8856    1.5855  4499.4176  3268.4127  1.0038
beta_bkt_raw[10]    -0.0090   0.9574  -1.7895    1.7837  4385.7936  3129.4139  1.0014
beta_bkt_raw[11]    -0.1428   0.9494  -1.9028    1.6384  4308.8842  3009.8429  1.0012
beta_bkt_raw[12]     0.0614   0.9375  -1.7425    1.7325  4936.6729  3146.2076  1.0022
beta_bkt_raw[13]     0.2328   0.9670  -1.5779    2.0648  3704.1280  3004.3318  1.0004
beta_bkt_raw[14]     0.0931   0.9378  -1.7025    1.8110  4628.6809  2616.5358  1.0002
beta_bkt_raw[15]     0.3545   0.9571  -1.4095    2.1754  2786.5026  2739.1145  1.0001
beta_bkt_raw[16]    -0.2360   0.9483  -2.0367    1.4873  4497.0617  3226.8027  1.0002
beta_bkt_raw[17]     0.1467   0.9205  -1.7039    1.7712  4363.7081  3121.8733  1.0006
beta_bkt_raw[18]    -0.0284   0.9358  -1.7426    1.8293  4506.9183  3027.3990  1.0004
beta_bkt_raw[19]    -0.0770   0.9516  -2.0117    1.5667  4134.5751  3062.3726  1.0003
beta_bkt_raw[20]    -0.0887   0.9473  -1.8151    1.7174  4486.5474  2920.4732  0.9999
beta_bkt_raw[21]     0.0925   0.9311  -1.6584    1.8629  3688.5317  3049.8581  1.0008
beta_bkt_raw[22]     0.0856   0.9663  -1.7068    1.9278  3846.0175  2964.0419  1.0007
beta_bkt_raw[23]     0.1220   0.9491  -1.7073    1.8534  3928.2644  3039.9385  1.0012
beta_bkt_raw[24]    -0.1206   0.9300  -1.7980    1.6789  3967.6612  2865.8575  1.0023
beta_bkt_raw[25]    -0.0144   0.9349  -1.7734    1.7671  4051.0104  3072.4134  1.0011
beta_bkt_raw[26]     0.1483   0.9702  -1.7338    1.9860  3698.4014  2204.8218  1.0010
beta_bkt_raw[27]     0.4645   0.9782  -1.3885    2.2768  2394.9408  2667.0835  1.0027
beta_bkt_raw[28]     0.4372   0.9720  -1.4260    2.2601  2899.4174  2888.8579  1.0047
beta_bkt_raw[29]    -0.1047   0.9466  -1.8137    1.7681  4607.2859  3092.5171  1.0005
beta_bkt_raw[30]    -0.1332   0.9437  -1.9385    1.6088  3971.6164  2743.3654  1.0015
beta_bkt_raw[31]    -0.7780   1.0432  -2.7238    1.1488  1434.1688  2447.8902  1.0036
beta_bkt_raw[32]    -0.3894   0.9933  -2.2956    1.4362  2887.2299  2329.8937  1.0024
beta_bkt_raw[33]    -0.4952   1.0320  -2.4079    1.4102  2219.7396  2881.7392  1.0027
beta_bkt_raw[34]     0.0371   1.0016  -1.7247    1.9842  6851.5464  3182.5261  1.0019
beta_bkt_raw[35]    -0.0896   0.9780  -1.9248    1.7585  6200.2236  2928.3165  1.0013
beta_bkt_raw[36]     0.2356   0.9454  -1.6391    1.9222  4184.4852  2914.1930  1.0008
beta_bkt_raw[37]    -0.4649   0.9806  -2.2784    1.3385  3015.3023  2968.2165  1.0002
beta_bkt_raw[38]     0.1423   0.9597  -1.6196    1.9685  4603.4923  2867.8173  1.0010
beta_bkt_raw[39]    -0.0401   0.9516  -1.8730    1.6983  5110.1895  2960.9544  1.0005
beta_bkt_raw[40]    -0.1185   0.9459  -1.9693    1.5811  4724.9017  2940.6716  1.0002
beta_bkt_raw[41]    -0.0226   0.9465  -1.7992    1.7200  5148.6470  2859.2109  1.0001
beta_bkt_raw[42]    -0.2967   0.9845  -2.1770    1.5493  4005.6733  2537.8414  1.0010
beta_bkt_raw[43]    -0.0634   0.9607  -1.9023    1.6369  5658.5248  2405.5624  1.0025
beta_bkt_raw[44]    -0.0348   0.9610  -1.7153    1.8726  4850.9746  2873.7072  1.0006
beta_bkt_raw[45]     0.2673   1.0103  -1.6463    2.1515  3526.9659  2685.3985  1.0007
beta_bkt_raw[46]     0.1438   0.9437  -1.6652    1.8956  5214.7220  2889.3037  1.0008
beta_bkt_raw[47]    -0.2011   0.9929  -2.0444    1.6678  4628.8872  2775.4628  1.0008
beta_slot_raw[0]     0.0407   0.6804  -1.2300    1.2808  7157.8761  2821.2642  1.0024
beta_slot_raw[1]    -0.2373   0.7050  -1.5771    1.0422  6637.8138  3207.3553  1.0008
beta_slot_raw[2]     0.3082   0.6518  -0.8728    1.5395  5760.9963  2994.2415  1.0017
beta_slot_raw[3]     0.3750   0.6544  -0.9104    1.5177  6009.1549  2785.9743  1.0005
beta_slot_raw[4]    -0.0885   0.5293  -1.1007    0.8725  5514.4717  2714.9187  1.0018
beta_slot_raw[5]    -0.0316   0.5494  -1.1052    0.9674  4922.3132  2921.7381  1.0003
beta_slot_raw[6]     1.6441   0.4431   0.8240    2.4905  3953.1998  2666.3004  0.9996
beta_slot_raw[7]     0.4377   0.4572  -0.4446    1.2761  3598.4595  3141.1087  1.0012
beta_slot_raw[8]     0.0541   0.4270  -0.7202    0.8812  3578.2352  3139.4073  1.0001
beta_slot_raw[9]     0.4341   0.4386  -0.3313    1.3326  4735.6716  3031.2953  1.0007
beta_slot_raw[10]   -0.7808   0.4398  -1.6210   -0.0001  3406.4347  3008.2741  1.0002
beta_slot_raw[11]   -0.9999   0.4540  -1.8196   -0.1118  3625.6103  3191.4215  1.0006
beta_slot_raw[12]   -0.3431   0.4455  -1.1402    0.5064  4520.5468  2836.6110  1.0001
beta_slot_raw[13]    0.4199   0.4510  -0.3663    1.3169  4168.4817  3174.7497  1.0017
beta_slot_raw[14]   -0.2992   0.4628  -1.1146    0.5961  4336.2319  3107.0902  0.9996
beta_slot_raw[15]    0.7841   0.4238   0.0213    1.6456  2803.4027  3050.8493  1.0007
beta_slot_raw[16]   -0.0296   0.3995  -0.7625    0.7288  3266.1869  2722.4598  1.0001
beta_slot_raw[17]    0.5298   0.4116  -0.2649    1.2793  3589.9574  3267.1693  1.0005
beta_slot_raw[18]   -0.2093   0.3237  -0.8302    0.3845  2426.4559  2813.5752  1.0008
beta_slot_raw[19]   -0.3652   0.3468  -1.0395    0.2794  2752.9672  2903.9904  1.0002
beta_slot_raw[20]   -0.1094   0.3434  -0.7266    0.5455  2997.3767  2846.0234  1.0041
beta_slot_raw[21]    0.1415   0.3392  -0.4788    0.7840  3465.2196  2906.5636  1.0011
beta_slot_raw[22]    0.1092   0.3430  -0.5245    0.7714  2914.3634  2546.1004  1.0018
beta_slot_raw[23]    0.3772   0.3312  -0.2575    1.0030  2825.9639  2785.6282  1.0011
beta_slot_raw[24]   -0.3430   0.3454  -0.9484    0.3370  3076.0338  2943.5516  1.0012
beta_slot_raw[25]   -0.9578   0.3715  -1.6827   -0.2633  3153.9328  2774.7870  1.0012
beta_slot_raw[26]    0.9308   0.3751   0.2013    1.6016  2681.2157  2572.2383  1.0004
beta_slot_raw[27]    1.2694   0.3935   0.5351    2.0144  1795.1861  2600.8171  1.0012
beta_slot_raw[28]    0.6323   0.3453  -0.0500    1.2535  1690.6052  1975.3999  1.0028
beta_slot_raw[29]   -0.1895   0.4319  -0.9850    0.6263  4268.6566  2779.7828  1.0026
beta_slot_raw[30]    0.3523   0.4650  -0.5188    1.2264  4343.3618  3272.5385  1.0016
beta_slot_raw[31]   -0.0596   0.5471  -1.1020    0.9305  2799.4524  2544.8941  0.9998
beta_slot_raw[32]   -0.1504   0.5273  -1.1659    0.8085  4446.9625  2762.7671  0.9999
beta_slot_raw[33]   -0.6839   0.5313  -1.6291    0.4020  3447.3584  2451.5057  1.0003
beta_slot_raw[34]    0.0532   0.8513  -1.4984    1.5956  5852.0225  3357.4356  1.0005
beta_slot_raw[35]    1.1505   0.4112   0.3591    1.9048  3252.3581  2969.9991  1.0023
beta_slot_raw[36]   -1.3229   0.5406  -2.3737   -0.3590  4619.8743  3272.7722  1.0012
beta_slot_raw[37]   -1.1399   0.6669  -2.4862    0.0244  6397.5013  2932.6169  1.0001
beta_slot_raw[38]    2.1171   0.4799   1.2438    3.0397  4322.9906  2617.0736  1.0004
beta_slot_raw[39]   -0.7232   0.6174  -1.8802    0.4084  6078.0763  2872.1078  1.0000
beta_slot_raw[40]    0.7672   0.6321  -0.4069    2.0142  5562.3598  2791.3660  1.0016
beta_slot_raw[41]   -0.6278   0.5759  -1.6953    0.4607  6012.0293  2993.3063  1.0018
beta_slot_raw[42]   -1.0956   0.6328  -2.2035    0.1186  5295.6962  2835.7598  0.9994
beta_slot_raw[43]   -0.6598   0.6776  -1.8972    0.5960  6228.5504  2405.2404  1.0015
beta_slot_raw[44]   -0.4684   0.6188  -1.6089    0.7329  5261.8315  2947.7248  1.0003
beta_slot_raw[45]    0.7604   0.6202  -0.4210    1.8775  6403.7638  2843.1339  1.0000
beta_slot_raw[46]   -1.7361   0.6631  -3.0249   -0.5554  6605.1549  2853.8287  1.0002
beta_slot_raw[47]    0.4625   0.3907  -0.3301    1.1524  2490.1496  2633.0850  1.0005
beta_slot_raw[48]   -0.4962   0.4004  -1.2471    0.2335  2496.5993  2031.0637  1.0001
beta_slot_raw[49]    0.7016   0.4019  -0.0443    1.4724  2725.4328  2613.5405  1.0010
beta_slot_raw[50]    0.6038   0.3741  -0.1058    1.2885  2701.9395  2709.2811  0.9995
beta_slot_raw[51]   -0.6030   0.3458  -1.2259    0.0591  1694.6172  2966.1812  1.0008
beta_slot_raw[52]   -0.1908   0.3465  -0.8831    0.4346  2285.8337  2637.5613  1.0008
beta_slot_raw[53]   -0.3337   0.3007  -0.8954    0.2304  1681.3746  2321.7135  1.0014
beta_slot_raw[54]    0.1490   0.3003  -0.4415    0.6873  1606.5003  2430.2405  1.0011
beta_slot_raw[55]   -0.4256   0.2916  -0.9690    0.1208  1443.5536  2263.7787  1.0002
beta_slot_raw[56]   -0.3962   0.3055  -0.9393    0.1980  1534.9931  2271.1874  1.0023
beta_slot_raw[57]   -0.2791   0.3140  -0.8742    0.3218  1975.6725  2799.0150  1.0005
beta_slot_raw[58]   -0.3763   0.3146  -0.9672    0.2259  1789.8600  2523.6570  1.0010
beta_slot_raw[59]    0.1344   0.2994  -0.4448    0.6720  1747.0307  2246.3218  1.0002
beta_slot_raw[60]    1.1397   0.3378   0.4903    1.7551  1879.2022  2091.7620  1.0015
beta_slot_raw[61]    0.0106   0.2894  -0.5291    0.5527  1919.4203  2396.0786  1.0006
beta_slot_raw[62]    0.2040   0.2988  -0.3842    0.7482  1277.3565  2063.3687  1.0016
beta_slot_raw[63]    0.5064   0.2919  -0.0244    1.0520  1504.2860  2468.0777  1.0014
beta_slot_raw[64]    0.6559   0.2554   0.1771    1.1599  1244.1788  1973.9885  1.0019
beta_slot_raw[65]   -0.0101   0.2535  -0.5048    0.4555  1009.2626  2022.5545  1.0014
beta_slot_raw[66]    0.1690   0.2377  -0.2595    0.6496  1013.5249  1502.7971  1.0006
beta_slot_raw[67]    0.0160   0.2359  -0.4301    0.4684  1081.1637  1525.2619  1.0037
beta_slot_raw[68]   -0.1124   0.2406  -0.5461    0.3527  1070.9073  1644.4529  1.0027
beta_slot_raw[69]    0.0314   0.2405  -0.4446    0.4609  1092.2288  2007.4821  1.0031
beta_slot_raw[70]   -0.0341   0.2374  -0.4830    0.4077  1013.0863  1825.1549  1.0026
beta_slot_raw[71]    0.5436   0.2498   0.0320    0.9889  1023.7584  1192.8359  1.0010
beta_slot_raw[72]   -0.3837   0.2390  -0.8485    0.0375  1134.0537  2077.3216  1.0019
beta_slot_raw[73]    0.2949   0.2565  -0.1961    0.7720  1101.0983  1864.8649  1.0011
beta_slot_raw[74]   -0.6336   0.2907  -1.2014   -0.1288   809.2766  1567.3857  1.0034
beta_slot_raw[75]    0.5084   0.2707  -0.0168    0.9894   948.8518  1385.6823  1.0035
beta_slot_raw[76]   -0.0813   0.2503  -0.5230    0.4257   939.4744  1880.3985  1.0016
beta_slot_raw[77]   -0.1323   0.2521  -0.6137    0.3322  1116.7784  1845.2994  1.0009
beta_slot_raw[78]    0.1517   0.3095  -0.3679    0.7501   608.2755  1137.2810  1.0057
beta_slot_raw[79]   -0.2202   0.2872  -0.7262    0.3710   998.0051  1599.7902  1.0018
beta_slot_raw[80]   -1.2441   0.5262  -2.2533   -0.2845  3225.0121  2836.1988  1.0025
beta_slot_raw[81]   -0.2712   0.9071  -1.9181    1.4897  7088.9863  2939.8583  0.9998
beta_slot_raw[82]    0.6091   0.3780  -0.1253    1.2934  2418.5829  2311.9252  1.0012
beta_slot_raw[83]   -1.1766   0.4645  -1.9993   -0.2384  2888.6711  2702.1054  1.0008
beta_slot_raw[84]    0.1034   0.3914  -0.6017    0.8709  2294.6549  2563.3127  1.0005
beta_slot_raw[85]   -0.4003   0.3569  -1.0696    0.2917  1997.6379  2667.0749  1.0011
beta_slot_raw[86]   -0.1315   0.3385  -0.7387    0.5254  1837.7324  2528.9345  1.0013
beta_slot_raw[87]    0.2809   0.3501  -0.3653    0.9378  2419.4459  2467.2105  1.0005
beta_slot_raw[88]   -0.0225   0.3733  -0.7147    0.6993  1741.1035  2575.5553  1.0015
beta_slot_raw[89]   -0.3513   0.3895  -1.1112    0.3486  2800.5979  2606.4793  1.0012
beta_slot_raw[90]    0.3143   0.3902  -0.4551    1.0497  3363.6591  2858.7669  1.0042
beta_slot_raw[91]    1.0573   0.4247   0.2348    1.8322  2196.2980  2111.4771  1.0006
beta_slot_raw[92]   -0.4238   0.4102  -1.1716    0.3648  3112.1105  2517.4093  1.0013
beta_slot_raw[93]    0.1057   0.3866  -0.6432    0.8020  2631.1941  2264.2675  1.0020
beta_slot_raw[94]    1.3169   0.9149  -0.5545    2.9048  7453.5415  2591.7290  1.0004
beta_slot_raw[95]    1.4357   0.9091  -0.3596    3.0424  6675.7885  2442.6247  1.0016
beta_slot_raw[96]   -1.0242   0.9060  -2.6967    0.6621  5117.6907  2630.2944  1.0012
beta_slot_raw[97]   -0.5453   0.8632  -2.1949    0.9890  6513.6216  2718.3511  1.0031
beta_slot_raw[98]    1.3631   0.7225   0.0476    2.7716  6451.1266  3084.3038  1.0004
beta_slot_raw[99]    0.8071   0.6347  -0.3115    2.1063  6002.1176  2684.3575  0.9999
beta_slot_raw[100]  -0.6876   0.4896  -1.5602    0.2342  3942.9336  2645.5434  1.0010
beta_slot_raw[101]  -0.9564   0.4836  -1.9051   -0.0655  4583.7314  3073.8915  1.0004
beta_slot_raw[102]   0.9410   0.4468   0.0811    1.7938  3748.0288  3059.6788  1.0001
beta_slot_raw[103]  -1.0865   0.4892  -2.0202   -0.1929  4972.0758  3245.4160  0.9999
beta_slot_raw[104]   0.8765   0.4842  -0.0985    1.7054  4262.5882  3306.6087  1.0030
beta_slot_raw[105]   0.8319   0.4787  -0.0262    1.7570  4590.6668  2705.8044  1.0005
beta_slot_raw[106]   1.7056   0.4595   0.8092    2.5303  3436.8428  2992.9258  1.0001
beta_slot_raw[107]   0.4443   0.4980  -0.4726    1.3874  4423.5621  2859.1646  1.0006
beta_slot_raw[108]   0.0641   0.4663  -0.8341    0.8886  4265.4521  3242.8882  1.0003
beta_slot_raw[109]   0.4243   0.5091  -0.5142    1.3830  4221.8915  2979.3373  1.0003
beta_slot_raw[110]  -1.2173   0.5077  -2.1512   -0.2487  4164.0986  3363.5387  1.0007
beta_slot_raw[111]   0.0694   0.4580  -0.7562    0.9703  4714.6040  3051.7633  1.0016
beta_slot_raw[112]   0.8037   0.4859  -0.1161    1.7029  4249.2444  3138.2798  1.0004
beta_slot_raw[113]  -0.8785   0.4986  -1.8193    0.0186  4414.6853  2740.5208  1.0002
beta_slot_raw[114]   0.4864   0.4960  -0.4112    1.4520  4423.3738  2833.1574  1.0001
beta_slot_raw[115]   1.5459   0.5325   0.5926    2.5985  5004.8051  3212.0538  1.0009
beta_slot_raw[116]   0.2566   0.5132  -0.7279    1.1931  4625.4537  3089.7926  0.9993
beta_slot_raw[117]   0.7201   0.4649  -0.1819    1.5554  3552.8901  2392.6104  1.0017
beta_slot_raw[118]  -0.6640   0.5726  -1.7359    0.4123  5226.2396  2880.7603  0.9999
beta_slot_raw[119]   0.8394   0.5928  -0.2324    1.9977  5208.0102  3215.0388  1.0011
beta_slot_raw[120]  -1.0303   0.6685  -2.2714    0.2202  5905.7049  2666.4296  1.0003
beta_slot_raw[121]   2.3289   0.7225   1.0349    3.7624  5526.3700  2973.4733  1.0046
beta_slot_raw[122]   0.7909   0.6500  -0.4351    1.9838  4758.8677  3107.8877  1.0004
beta_slot_raw[123]  -0.2371   0.6821  -1.4536    1.1112  6303.4132  2865.0794  1.0015
beta_slot_raw[124]  -0.7751   0.6850  -2.1441    0.4356  5251.7098  3181.8609  1.0024
beta_slot_raw[125]  -4.9108   0.6501  -6.1377   -3.6885  4247.4611  3079.9231  1.0012
beta_slot_raw[126]  -2.4633   0.7242  -3.7853   -1.0285  6507.3686  2826.4853  1.0020
beta_slot_raw[127]  -0.8160   0.8533  -2.4987    0.7110  5874.2732  2685.7906  1.0009
beta_slot_raw[128]   0.2545   0.7260  -1.1878    1.5555  6008.6246  2778.3451  1.0005
beta_slot_raw[129]  -0.1660   0.9453  -1.8721    1.6323  7991.1862  2743.1103  0.9999
beta_slot_raw[130]   0.2335   0.8270  -1.4040    1.7055  6859.2570  2516.0888  1.0005
beta_slot_raw[131]   0.3944   0.9542  -1.3639    2.1980  7021.5225  3302.9187  1.0031
beta_slot_raw[132]  -1.2889   0.8813  -2.8947    0.3848  6321.0558  3123.2772  1.0015
beta_slot_raw[133]  -0.6992   0.9284  -2.3958    1.0633  6461.8952  3175.1936  1.0010
beta_slot_raw[134]  -1.0542   0.9335  -2.8250    0.7020  7349.5724  2522.2731  1.0017
beta_slot_raw[135]  -0.5931   0.9089  -2.2843    1.1304  7759.5194  2523.7830  1.0009
beta_slot_raw[136]  -0.1621   0.9450  -1.9200    1.6566  6767.8275  2475.7807  1.0003
beta_slot_raw[137]   0.7127   0.9330  -0.9235    2.5835  5830.2134  2261.7781  1.0014
beta_slot_raw[138]   0.6248   0.9328  -1.0825    2.3652  7432.9459  2625.6603  1.0016
beta_slot_raw[139]   0.2798   0.5056  -0.6805    1.1977  4482.8220  2903.0104  1.0022
beta_slot_raw[140]  -0.1749   0.5270  -1.1563    0.8155  6637.6394  3126.2071  1.0005
beta_slot_raw[141]   0.5999   0.5610  -0.4314    1.6770  5580.4209  2673.0464  0.9999
beta_slot_raw[142]  -0.3764   0.5396  -1.3543    0.6705  5854.3220  2930.4974  1.0011
beta_slot_raw[143]   0.4099   0.4916  -0.4917    1.3429  5561.7999  3251.3981  1.0000
beta_slot_raw[144]  -0.1568   0.4945  -1.0801    0.7527  4848.8587  3077.5490  1.0025
beta_slot_raw[145]   0.0729   0.4436  -0.7506    0.9337  4487.6819  3157.7860  1.0003
beta_slot_raw[146]   0.8125   0.4156   0.0120    1.5866  3692.6824  2549.5399  1.0008
beta_slot_raw[147]   0.4706   0.4118  -0.2612    1.3034  4828.6345  3395.5402  1.0006
beta_slot_raw[148]  -0.0232   0.5688  -1.1252    1.0030  5447.0148  3268.0598  1.0009
beta_slot_raw[149]  -0.0784   0.5876  -1.1719    0.9951  5532.9361  2945.7663  1.0002
beta_slot_raw[150]  -0.2793   0.5039  -1.2562    0.6456  5339.1209  3041.2781  1.0023
beta_slot_raw[151]  -1.1433   0.5289  -2.1244   -0.1434  5543.3088  3062.7976  1.0002
beta_slot_raw[152]  -0.4071   0.5940  -1.5424    0.6709  5595.7622  2892.9663  1.0020
beta_slot_raw[153]   0.6960   0.5166  -0.3144    1.6069  4458.2428  3091.3303  1.0028
beta_slot_raw[154]   0.9876   0.5247   0.0555    2.0420  4996.0027  3026.9245  1.0002
beta_slot_raw[155]  -0.9000   0.5822  -1.9565    0.2331  6266.1327  3096.2877  1.0009
beta_slot_raw[156]  -0.3518   0.5674  -1.4334    0.6888  6766.3296  3059.8136  1.0031
beta_slot_raw[157]  -0.7787   0.5638  -1.8075    0.3070  5164.9834  2862.5244  1.0009
beta_slot_raw[158]   0.4163   0.4244  -0.3249    1.2360  4407.9615  2879.9765  1.0002
beta_slot_raw[159]  -1.0971   0.4228  -1.9103   -0.3622  4237.7701  3351.1599  0.9999
beta_slot_raw[160]  -0.9276   0.4347  -1.7289   -0.1023  3696.4191  2648.1802  1.0010
beta_slot_raw[161]   0.1438   0.4041  -0.5979    0.9177  3398.9973  2573.2870  1.0029
beta_slot_raw[162]  -0.2844   0.4795  -1.1592    0.6226  4610.7702  2760.3633  1.0005
beta_slot_raw[163]  -0.4420   0.4242  -1.2529    0.3623  3728.2094  3028.4523  1.0007
beta_slot_raw[164]   0.4493   0.4366  -0.3533    1.2699  4296.6279  2987.5883  1.0008
beta_slot_raw[165]   0.8022   0.4660  -0.0585    1.7027  3882.1506  2834.2517  1.0024
beta_slot_raw[166]   0.1398   0.5424  -0.8992    1.1627  4279.5844  2773.2189  1.0026
beta_slot_raw[167]   0.7511   0.5481  -0.2977    1.7311  4435.4633  2946.1398  1.0010
beta_slot_raw[168]  -0.1050   0.5205  -1.0992    0.8512  5624.1258  2427.6790  1.0006
beta_slot_raw[169]  -0.1978   0.5014  -1.1051    0.7719  4700.4107  2698.6338  1.0025
beta_slot_raw[170]  -0.1921   0.4877  -1.0420    0.8104  2008.6474  1822.7036  1.0005
beta_slot_raw[171]   0.2334   0.6088  -0.9368    1.3476  4613.6349  2468.5881  1.0007
beta_slot_raw[172]  -0.4968   0.7159  -1.8034    0.8955  6374.3931  2606.6384  1.0016
beta_slot_raw[173]  -0.3914   0.8803  -1.9879    1.3348  7231.1377  2822.1609  1.0020
beta_slot_raw[174]  -0.2490   0.4729  -1.1371    0.6192  4363.6443  2889.8301  1.0014
beta_slot_raw[175]  -0.4653   0.5193  -1.3831    0.5206  4193.5905  2991.7787  1.0011
beta_slot_raw[176]   2.1000   0.4929   1.1960    3.0321  4671.2722  3195.6070  0.9998
beta_slot_raw[177]  -2.0730   0.5364  -3.1014   -1.1020  5162.4445  3080.7643  1.0023
beta_slot_raw[178]  -0.3713   0.5073  -1.2908    0.5950  5272.3887  3013.4503  1.0004
beta_slot_raw[179]  -0.0229   0.5949  -1.1013    1.1165  5953.2927  2873.8562  1.0059
beta_slot_raw[180]  -0.5558   0.5410  -1.5445    0.4816  5386.9872  2992.3453  1.0021
beta_slot_raw[181]   2.0716   0.5515   1.0543    3.1102  5767.0894  3329.6563  1.0004
beta_slot_raw[182]   0.6167   0.5271  -0.4411    1.5568  5417.3309  3007.6106  1.0019
beta_slot_raw[183]   1.4173   0.5282   0.4329    2.3749  4854.1730  3038.4090  1.0006
beta_slot_raw[184]  -0.0703   0.5466  -1.1238    0.9293  6352.0149  2926.9634  1.0003
beta_slot_raw[185]  -0.4273   0.5676  -1.4645    0.6674  6118.8394  3059.3361  1.0023